1,0,1,1,0,0,0,0,0,10,2,2,1,0,0,0,0,0.011363636363636364, 0.0, 0.0, 0.0, 0.0, 0.0, 0.0, 0.0, 0.0
1,0,1,1,0,0,0,0,0,10,2,2,1,0,0,0,0,0.009433962264150943, 0.0, 0.0, 0.0, 0.0, 0.0, 0.0, 0.0, 0.0
0,0,1,0,1,1,0,0,0,43,15,6,1,0,0,0,0,0.0, 0.0, 0.0, 0.0019646365422396855, 0.0, 0.0, 0.0, 0.0, 0.0
1,0,1,1,0,0,0,0,0,10,2,2,1,0,0,0,0,0.00909090909090909, 0.0, 0.0, 0.0, 0.0, 0.0, 0.0, 0.0, 0.0
1,0,1,1,0,1,0,0,0,27,9,3,0,0,0,0,0,0.012738853503184714, 0.0, 0.0, 0.0, 0.0, 0.0, 0.0, 0.0, 0.0
1,0,1,1,0,1,0,0,0,84,29,6,1,0,0,0,0,0.00906344410876133, 0.0, 0.0, 0.0, 0.0, 0.0, 0.0, 0.0, 0.0
1,0,1,1,0,0,0,0,0,10,2,2,1,0,0,0,0,0.009523809523809525, 0.0, 0.0, 0.0, 0.0, 0.0, 0.0, 0.0, 0.0
1,0,1,0,0,0,0,0,0,5,2,2,1,0,0,0,0,0.013850415512465374, 0.0, 0.0, 0.0, 0.002770083102493075, 0.0, 0.0, 0.0, 0.0
0,0,1,0,0,1,0,0,0,41,15,6,1,0,0,1,0,0.0010834236186348862, 0.0, 0.0, 0.0021668472372697724, 0.0, 0.0, 0.0, 0.0, 0.0
1,1,1,1,0,1,1,0,0,69,23,6,1,0,0,0,0,0.009771986970684038, 0.0, 0.0, 0.0, 0.0, 0.003257328990228013, 0.0, 0.0, 0.0
1,0,1,1,0,0,0,0,0,10,2,2,1,0,0,0,0,0.009900990099009901, 0.0, 0.0, 0.0, 0.0, 0.0, 0.0, 0.0, 0.0
0,0,1,0,0,1,0,0,0,38,14,5,1,0,0,0,0,0.0, 0.0, 0.0, 0.001996007984031936, 0.0, 0.0, 0.0, 0.0, 0.0
1,0,1,1,0,1,0,0,0,25,6,4,1,0,0,0,0,0.0078003120124804995, 0.0, 0.0, 0.0078003120124804995, 0.0, 0.0, 0.0, 0.0, 0.0
0,1,1,0,0,0,0,0,0,0,0,0,0,0,0,0,0,0.0, 0.0, 0.0, 0.0, 0.0, 0.0, 0.0, 0.0, 0.0
1,0,1,1,1,1,0,0,0,18,6,2,0,0,0,0,0,0.009950248756218905, 0.0, 0.0, 0.0, 0.0, 0.0, 0.0, 0.0, 0.0
1,0,1,1,0,0,0,0,0,10,2,2,1,0,0,0,0,0.009708737864077669, 0.0, 0.0, 0.0, 0.0, 0.0, 0.0, 0.0, 0.0
1,0,1,0,0,1,0,0,0,24,10,3,1,0,0,0,0,0.007290400972053463, 0.0, 0.0, 0.0, 0.001215066828675577, 0.002430133657351154, 0.0, 0.0, 0.0
1,0,1,0,0,1,0,0,0,24,10,3,1,0,0,0,0,0.007290400972053463, 0.0, 0.0, 0.0, 0.001215066828675577, 0.002430133657351154, 0.0, 0.0, 0.0
0,0,1,1,0,1,0,0,0,9,2,1,0,0,0,0,0,0.0, 0.0, 0.0, 0.0, 0.0, 0.0, 0.0, 0.0, 0.0
1,0,1,0,0,1,0,0,0,23,10,3,1,0,0,0,0,0.0072992700729927005, 0.0, 0.0, 0.0, 0.0012165450121654502, 0.0024330900243309003, 0.0, 0.0, 0.0
0,1,1,1,0,1,0,0,0,41,14,5,1,0,0,1,0,0.017964071856287425, 0.0, 0.0, 0.0, 0.0, 0.0, 0.0, 0.0, 0.0
0,1,1,1,0,1,0,0,0,41,14,5,1,0,0,1,0,0.017964071856287425, 0.0, 0.0, 0.0, 0.0, 0.0, 0.0, 0.0, 0.0
1,0,1,0,0,1,0,0,0,11,3,2,0,0,0,0,0,0.0, 0.0, 0.0, 0.0, 0.0, 0.0, 0.0, 0.0, 0.0
0,0,1,1,0,1,0,0,0,9,2,1,0,0,0,0,0,0.0, 0.0, 0.0, 0.0, 0.0, 0.0, 0.0, 0.0, 0.0
1,0,1,1,0,0,0,0,0,8,2,2,1,0,0,0,0,0.0, 0.0, 0.0, 0.0, 0.0, 0.0, 0.0, 0.0, 0.0
0,0,1,1,0,0,0,0,0,8,2,2,1,0,0,0,0,0.0, 0.0, 0.0, 0.0, 0.0, 0.0, 0.0, 0.0, 0.0
0,0,1,0,0,0,0,0,0,2,1,1,0,0,0,0,0,0.0, 0.0, 0.0, 0.0, 0.0, 0.0, 0.0, 0.0, 0.0
0,0,1,0,1,1,0,9,0,84,29,9,1,0,0,0,0,0.0011173184357541898, 0.0, 0.0, 0.0014897579143389199, 0.00037243947858472997, 0.00037243947858472997, 0.0, 0.0, 0.0
1,0,1,0,0,1,0,0,0,24,10,3,1,0,0,0,0,0.007290400972053463, 0.0, 0.0, 0.0, 0.001215066828675577, 0.002430133657351154, 0.0, 0.0, 0.0
0,0,1,0,0,0,0,0,0,14,3,2,1,0,0,0,0,0.00963855421686747, 0.0, 0.0, 0.0, 0.0, 0.0, 0.0, 0.0, 0.0
0,0,1,0,0,0,0,0,0,14,3,2,1,0,0,0,0,0.009708737864077669, 0.0, 0.0, 0.0, 0.0, 0.0, 0.0, 0.0, 0.0
0,0,1,0,0,0,1,0,0,6,1,1,0,0,0,0,0,0.007633587786259542, 0.0, 0.0, 0.0, 0.0, 0.0, 0.0, 0.0, 0.0
1,0,1,1,0,0,0,0,0,8,2,2,1,0,0,0,0,0.0, 0.0, 0.0, 0.0, 0.0, 0.0, 0.0, 0.0, 0.0
1,0,1,1,0,1,0,0,0,85,29,6,1,0,0,0,0,0.00906344410876133, 0.0, 0.0, 0.0, 0.0, 0.0, 0.0, 0.0, 0.0
0,0,1,0,0,0,0,0,0,14,3,2,1,0,0,0,0,0.009828009828009828, 0.0, 0.0, 0.0, 0.0, 0.0, 0.0, 0.0, 0.0
0,1,1,1,0,1,0,0,0,41,14,5,1,0,0,1,0,0.017964071856287425, 0.0, 0.0, 0.0, 0.0, 0.0, 0.0, 0.0, 0.0
1,0,1,1,0,1,1,0,0,86,29,6,1,0,0,0,0,0.00906344410876133, 0.0, 0.0, 0.0, 0.0, 0.0, 0.0, 0.0, 0.0
0,0,1,0,0,1,0,0,0,39,12,8,1,0,0,0,0,0.004962779156327543, 0.0, 0.0, 0.0024813895781637717, 0.0, 0.0, 0.0, 0.0, 0.0
1,0,1,1,0,0,0,0,0,8,2,2,1,0,0,0,0,0.0, 0.0, 0.0, 0.0, 0.0, 0.0, 0.0, 0.0, 0.0
0,0,1,0,0,1,1,1,0,29,9,6,1,0,0,0,0,0.002107481559536354, 0.0, 0.0, 0.005268703898840885, 0.0, 0.002107481559536354, 0.0, 0.0, 0.0
1,0,1,0,0,1,0,0,0,24,10,3,1,0,0,0,0,0.007308160779537149, 0.0, 0.0, 0.0, 0.001218026796589525, 0.00243605359317905, 0.0, 0.0, 0.0
1,0,1,0,0,1,0,0,0,24,10,3,1,0,0,0,0,0.007308160779537149, 0.0, 0.0, 0.0, 0.001218026796589525, 0.00243605359317905, 0.0, 0.0, 0.0
0,0,1,1,1,1,0,0,0,48,14,6,1,0,0,0,0,0.003968253968253968, 0.0, 0.0, 0.005952380952380952, 0.0, 0.001984126984126984, 0.0, 0.0, 0.0
1,0,1,1,0,0,0,0,0,10,2,2,1,0,0,0,0,0.008928571428571428, 0.0, 0.0, 0.0, 0.0, 0.0, 0.0, 0.0, 0.0
1,0,1,1,0,1,0,0,0,27,7,4,1,0,0,0,0,0.013636363636363636, 0.0, 0.0, 0.00909090909090909, 0.0, 0.004545454545454545, 0.0, 0.0, 0.0
1,0,1,1,0,0,0,0,0,8,2,2,1,0,0,0,0,0.0, 0.0, 0.0, 0.0, 0.0, 0.0, 0.0, 0.0, 0.0
1,0,1,1,0,0,0,0,0,8,2,2,1,0,0,0,0,0.0, 0.0, 0.0, 0.0, 0.0, 0.0, 0.0, 0.0, 0.0
0,0,1,1,0,1,1,0,0,37,12,2,0,0,0,0,0,0.00881057268722467, 0.0, 0.0, 0.0, 0.0, 0.0, 0.0, 0.0, 0.0
1,0,1,1,0,0,0,0,0,7,2,2,1,0,0,0,0,0.0, 0.0, 0.0, 0.0, 0.0, 0.0, 0.0, 0.0, 0.0
1,0,1,1,0,1,0,0,0,10,2,2,1,0,0,0,0,0.006211180124223602, 0.0, 0.0, 0.0, 0.006211180124223602, 0.0, 0.0, 0.0, 0.0
0,1,1,1,0,1,0,5,0,19,5,2,0,0,0,0,0,0.005434782608695652, 0.0, 0.0, 0.0, 0.0, 0.0, 0.0, 0.0, 0.0
0,0,1,0,0,1,0,0,0,22,7,4,0,1,0,0,0,0.0016863406408094434, 0.0, 0.0, 0.003372681281618887, 0.0, 0.0, 0.0, 0.0, 0.0
0,1,1,1,0,1,0,5,0,19,5,2,0,0,0,0,0,0.005434782608695652, 0.0, 0.0, 0.0, 0.0, 0.0, 0.0, 0.0, 0.0
0,0,1,0,0,0,0,0,0,8,1,1,0,0,0,0,0,0.006172839506172839, 0.0, 0.0, 0.0, 0.0, 0.0, 0.0, 0.0, 0.0
1,0,1,1,0,1,0,0,0,12,4,2,1,0,0,0,0,0.007763975155279503, 0.0, 0.0, 0.007763975155279503, 0.0, 0.0, 0.0, 0.0, 0.0
0,0,1,0,0,1,0,0,0,38,13,5,1,0,0,0,0,0.0022172949002217295, 0.0, 0.0, 0.0005543237250554324, 0.0005543237250554324, 0.0005543237250554324, 0.0, 0.0, 0.0
1,0,1,1,0,0,0,0,0,10,2,2,1,0,0,0,0,0.009259259259259259, 0.0, 0.0, 0.0, 0.0, 0.0, 0.0, 0.0, 0.0
0,1,1,1,0,1,0,0,0,18,5,2,0,0,0,0,0,0.005434782608695652, 0.0, 0.0, 0.0, 0.0, 0.0, 0.0, 0.0, 0.0
0,0,1,1,1,1,0,0,0,48,14,6,1,0,0,0,0,0.003968253968253968, 0.0, 0.0, 0.005952380952380952, 0.0, 0.001984126984126984, 0.0, 0.0, 0.0
0,0,1,0,0,0,0,0,0,7,2,2,1,0,0,1,0,0.0, 0.0, 0.0, 0.0, 0.0, 0.0, 0.0, 0.0, 0.0
0,0,1,0,0,1,0,0,0,39,12,8,1,0,0,0,0,0.0049504950495049506, 0.0, 0.0, 0.0024752475247524753, 0.0, 0.0, 0.0, 0.0, 0.0
0,0,1,1,0,1,0,4,0,5,2,1,0,0,0,0,0,0.0, 0.0, 0.0, 0.0, 0.0, 0.0, 0.0, 0.0, 0.0
0,0,1,0,0,0,0,0,0,4,4,2,1,0,0,0,0,0.0, 0.0, 0.0, 0.0, 0.0, 0.0, 0.0, 0.0, 0.0
1,0,1,1,0,0,0,0,0,10,2,2,1,0,0,0,0,0.00980392156862745, 0.0, 0.0, 0.0, 0.0, 0.0, 0.0, 0.0, 0.0
0,0,1,1,0,1,0,4,0,5,2,1,0,0,0,0,0,0.0, 0.0, 0.0, 0.0, 0.0, 0.0, 0.0, 0.0, 0.0
1,0,1,1,0,1,0,0,0,34,10,4,1,0,0,1,0,0.006622516556291391, 0.0, 0.0, 0.0, 0.0, 0.0, 0.0, 0.0, 0.0
1,0,1,1,0,0,0,0,0,10,2,2,1,0,0,0,0,0.010309278350515464, 0.0, 0.0, 0.0, 0.0, 0.0, 0.0, 0.0, 0.0
1,0,0,1,0,1,0,0,0,11,4,4,1,0,0,0,0,0.0, 0.0, 0.0, 0.0, 0.0, 0.0, 0.0, 0.0, 0.0
0,0,1,1,1,1,0,0,0,20,6,2,0,0,0,0,0,0.010256410256410256, 0.0, 0.0, 0.0, 0.0, 0.0, 0.0, 0.0, 0.0
1,1,1,0,0,1,0,0,0,14,4,2,1,0,0,0,0,0.008319467554076539, 0.0, 0.0, 0.0016638935108153079, 0.0, 0.0016638935108153079, 0.0, 0.0, 0.0
1,0,1,1,0,0,0,0,0,10,2,2,1,0,0,0,0,0.008849557522123894, 0.0, 0.0, 0.0, 0.0, 0.0, 0.0, 0.0, 0.0
1,1,1,0,0,0,0,0,0,0,0,0,0,0,0,0,0,0.0, 0.0, 0.0, 0.0, 0.0, 0.0, 0.0, 0.0, 0.0
1,1,1,0,1,1,0,0,0,16,3,2,1,0,0,0,0,0.0055248618784530384, 0.0, 0.0, 0.0, 0.0, 0.0055248618784530384, 0.0, 0.0055248618784530384, 0.0
1,0,1,0,1,1,0,0,0,11,3,3,0,0,0,0,0,0.0, 0.0, 0.0, 0.0, 0.0, 0.0, 0.0, 0.0, 0.0
1,1,1,1,0,1,0,0,0,10,3,2,1,0,0,0,0,0.011235955056179775, 0.0, 0.0, 0.011235955056179775, 0.011235955056179775, 0.0, 0.0, 0.0, 0.0
1,0,1,0,1,1,0,0,0,11,3,3,0,0,0,0,0,0.0, 0.0, 0.0, 0.0, 0.0, 0.0, 0.0, 0.0, 0.0
1,1,1,0,0,1,0,0,0,9,3,2,1,0,0,0,0,0.00784313725490196, 0.0, 0.0, 0.0, 0.0, 0.0, 0.0, 0.0, 0.0
1,0,1,1,0,0,0,0,0,10,2,2,1,0,0,0,0,0.010309278350515464, 0.0, 0.0, 0.0, 0.0, 0.0, 0.0, 0.0, 0.0
1,0,1,0,0,1,0,0,0,20,6,2,1,0,0,0,0,0.006578947368421052, 0.0, 0.0, 0.0, 0.003289473684210526, 0.0, 0.0, 0.0, 0.0
1,1,1,1,0,1,0,5,0,21,5,2,0,0,0,0,0,0.0, 0.0, 0.0, 0.0, 0.0, 0.0, 0.0, 0.0, 0.0
1,0,1,0,0,1,0,0,0,18,6,2,1,0,0,0,0,0.006600660066006601, 0.0, 0.0, 0.0, 0.0033003300330033004, 0.0, 0.0, 0.0, 0.0
0,0,1,0,0,1,0,0,0,37,13,4,1,0,0,0,0,0.0024888003982080635, 0.0, 0.0, 0.0014932802389248383, 0.0004977600796416127, 0.0004977600796416127, 0.0, 0.0004977600796416127, 0.0
1,0,1,1,0,1,0,0,0,18,6,2,0,0,0,0,0,0.006564551422319475, 0.0, 0.0, 0.0, 0.002188183807439825, 0.00437636761487965, 0.0, 0.0, 0.0
0,0,1,1,0,1,0,0,0,38,12,2,0,0,0,0,0,0.00881057268722467, 0.0, 0.0, 0.0, 0.0, 0.0, 0.0, 0.0, 0.0
1,0,1,1,0,1,0,0,0,22,10,4,1,0,0,0,0,0.009174311926605505, 0.0, 0.0, 0.007863695937090432, 0.0, 0.0, 0.002621231979030144, 0.0, 0.0
0,0,1,0,0,1,0,0,0,23,8,5,0,1,0,1,0,0.0013679890560875513, 0.0, 0.0, 0.0027359781121751026, 0.0, 0.0, 0.0, 0.0, 0.0
1,0,1,1,0,1,0,0,0,18,6,2,0,0,0,0,0,0.006564551422319475, 0.0, 0.0, 0.0, 0.002188183807439825, 0.00437636761487965, 0.0, 0.0, 0.0
0,0,1,0,0,1,0,0,0,37,13,4,1,0,0,0,0,0.0024888003982080635, 0.0, 0.0, 0.0014932802389248383, 0.0004977600796416127, 0.0004977600796416127, 0.0, 0.0004977600796416127, 0.0
0,0,1,1,0,1,1,0,0,38,12,2,0,0,0,0,0,0.00881057268722467, 0.0, 0.0, 0.0, 0.0, 0.0, 0.0, 0.0, 0.0
0,1,1,1,0,1,0,0,0,6,2,2,0,0,0,0,0,0.0, 0.0, 0.0, 0.0, 0.0, 0.0, 0.0, 0.0, 0.0
1,0,0,0,0,1,0,0,0,23,8,5,1,0,0,0,0,0.00423728813559322, 0.0, 0.0, 0.0, 0.0, 0.00211864406779661, 0.0, 0.0, 0.0
1,0,1,1,0,1,0,0,0,18,6,2,0,0,0,0,0,0.006564551422319475, 0.0, 0.0, 0.0, 0.002188183807439825, 0.00437636761487965, 0.0, 0.0, 0.0
0,0,1,1,0,1,0,0,0,18,7,3,0,0,0,0,0,0.0, 0.0, 0.0, 0.015384615384615385, 0.0, 0.0, 0.0, 0.0, 0.0
1,0,1,1,1,1,0,0,0,11,3,3,1,0,0,0,0,0.009615384615384616, 0.0, 0.0, 0.009615384615384616, 0.0, 0.009615384615384616, 0.0, 0.0, 0.0
1,0,1,0,0,1,0,0,0,29,11,3,1,0,0,0,0,0.007202881152460984, 0.0, 0.0, 0.0, 0.0012004801920768306, 0.0024009603841536613, 0.0, 0.0, 0.0
0,1,1,1,1,1,0,0,0,7,2,2,0,0,0,0,0,0.0, 0.0, 0.0, 0.0, 0.0, 0.0, 0.0, 0.0, 0.0
0,0,1,0,1,1,0,0,0,42,12,8,1,0,0,0,0,0.0049504950495049506, 0.0, 0.0, 0.0024752475247524753, 0.0, 0.0, 0.0, 0.0, 0.0
0,1,0,1,0,1,0,0,0,3,1,1,0,0,0,0,0,0.0, 0.0, 0.0, 0.0, 0.0, 0.0, 0.0, 0.0, 0.0
1,0,1,0,0,1,0,0,0,24,10,3,1,0,0,0,0,0.007290400972053463, 0.0, 0.0, 0.0, 0.001215066828675577, 0.002430133657351154, 0.0, 0.0, 0.0
1,0,1,0,0,1,0,0,0,24,10,3,1,0,0,0,0,0.007290400972053463, 0.0, 0.0, 0.0, 0.001215066828675577, 0.002430133657351154, 0.0, 0.0, 0.0
0,0,0,0,0,0,0,0,0,0,0,0,0,0,0,0,0,0.0, 0.0, 0.0, 0.0, 0.0, 0.0, 0.0, 0.0, 0.0
1,0,1,1,0,1,0,2,0,17,5,4,0,0,0,0,0,0.01, 0.0, 0.0, 0.0, 0.0, 0.0, 0.0, 0.0, 0.0
1,0,1,1,0,1,0,2,0,16,5,4,0,0,0,0,0,0.01, 0.0, 0.0, 0.0, 0.0, 0.0, 0.0, 0.0, 0.0
0,0,1,1,0,0,0,0,0,8,2,2,1,0,0,0,0,0.010526315789473684, 0.0, 0.0, 0.0, 0.0, 0.0, 0.0, 0.0, 0.0
1,1,1,0,0,1,0,0,0,5,2,2,0,0,0,0,0,0.0, 0.0, 0.0, 0.0, 0.0, 0.0, 0.0, 0.0, 0.0
0,0,1,0,0,1,0,0,0,35,11,7,1,0,0,0,0,0.005, 0.0, 0.0, 0.0025, 0.0, 0.0, 0.0, 0.0, 0.0
0,0,1,0,0,1,0,0,0,37,13,4,1,0,0,0,0,0.0024888003982080635, 0.0, 0.0, 0.0014932802389248383, 0.0004977600796416127, 0.0004977600796416127, 0.0, 0.0004977600796416127, 0.0
0,0,1,1,0,0,0,0,0,8,2,2,1,0,0,0,0,0.010309278350515464, 0.0, 0.0, 0.0, 0.0, 0.0, 0.0, 0.0, 0.0
1,0,1,1,0,1,0,0,0,15,5,4,0,0,0,0,0,0.01, 0.0, 0.0, 0.0, 0.0, 0.0, 0.0, 0.0, 0.0
1,0,1,1,0,1,0,0,0,18,6,2,0,0,0,0,0,0.006564551422319475, 0.0, 0.0, 0.0, 0.002188183807439825, 0.00437636761487965, 0.0, 0.0, 0.0
1,0,1,1,0,1,0,0,0,10,3,3,1,0,0,0,0,0.0, 0.0, 0.0, 0.0, 0.0, 0.007462686567164179, 0.0, 0.0, 0.007462686567164179
0,1,1,1,1,1,1,0,0,12,3,3,1,0,0,0,0,0.017241379310344827, 0.0, 0.0, 0.0, 0.0, 0.005747126436781609, 0.0, 0.0, 0.0
1,0,1,1,0,1,0,0,0,18,6,2,0,0,0,0,0,0.006564551422319475, 0.0, 0.0, 0.0, 0.002188183807439825, 0.00437636761487965, 0.0, 0.0, 0.0
1,0,1,1,0,0,0,0,0,8,2,2,1,0,0,0,0,0.010526315789473684, 0.0, 0.0, 0.0, 0.0, 0.0, 0.0, 0.0, 0.0
0,1,1,1,0,1,0,0,0,8,3,3,1,0,0,0,0,0.017241379310344827, 0.0, 0.0, 0.0, 0.0, 0.005747126436781609, 0.0, 0.0, 0.0
1,0,1,1,0,0,0,0,0,8,2,2,1,0,0,0,0,0.01098901098901099, 0.0, 0.0, 0.0, 0.0, 0.0, 0.0, 0.0, 0.0
0,0,1,1,0,1,0,0,0,6,2,2,0,0,0,0,0,0.0, 0.0, 0.0, 0.0, 0.0, 0.0, 0.0, 0.0, 0.0
0,0,1,0,0,1,0,0,0,37,13,4,1,0,0,0,0,0.0024888003982080635, 0.0, 0.0, 0.0014932802389248383, 0.0004977600796416127, 0.0004977600796416127, 0.0, 0.0004977600796416127, 0.0
0,0,1,1,0,1,0,0,0,6,2,2,0,0,0,0,0,0.0, 0.0, 0.0, 0.0, 0.0, 0.0, 0.0, 0.0, 0.0
1,0,1,1,0,1,0,0,0,11,3,3,1,0,0,0,0,0.0, 0.0, 0.0, 0.0, 0.0, 0.0, 0.0, 0.0, 0.0
0,0,1,1,0,0,0,0,0,8,2,2,1,0,0,0,0,0.010638297872340425, 0.0, 0.0, 0.0, 0.0, 0.0, 0.0, 0.0, 0.0
1,0,1,1,0,0,0,0,0,5,2,2,1,0,0,0,0,0.0, 0.0, 0.0, 0.0, 0.0, 0.009708737864077669, 0.0, 0.0, 0.0
1,0,1,1,0,0,0,0,0,7,2,2,1,0,0,0,0,0.010416666666666666, 0.0, 0.0, 0.010416666666666666, 0.0, 0.005208333333333333, 0.005208333333333333, 0.0, 0.0
0,1,1,1,1,1,0,0,0,23,8,3,1,0,0,0,0,0.006482982171799027, 0.0, 0.0, 0.008103727714748784, 0.0, 0.0, 0.0, 0.0, 0.0
1,0,1,1,0,0,0,0,0,7,2,2,1,0,0,0,0,0.010416666666666666, 0.0, 0.0, 0.010416666666666666, 0.0, 0.005208333333333333, 0.005208333333333333, 0.0, 0.0
0,0,1,0,0,1,0,0,0,21,8,5,1,0,0,0,0,0.004228329809725159, 0.0, 0.0, 0.0, 0.0, 0.0021141649048625794, 0.0, 0.0, 0.0
0,0,1,1,0,1,0,0,0,18,5,2,0,0,0,0,0,0.005434782608695652, 0.0, 0.0, 0.0, 0.0, 0.0, 0.0, 0.0, 0.0
0,0,1,1,0,1,0,0,0,11,3,2,0,0,0,0,0,0.0, 0.0, 0.0, 0.0, 0.0, 0.0, 0.0, 0.0, 0.0
1,0,1,0,0,1,0,0,0,24,10,3,1,0,0,0,0,0.007290400972053463, 0.0, 0.0, 0.0, 0.001215066828675577, 0.002430133657351154, 0.0, 0.0, 0.0
1,0,1,0,0,0,0,0,0,2,1,1,0,0,0,0,0,0.008333333333333333, 0.0, 0.0, 0.0, 0.0, 0.008333333333333333, 0.0, 0.0, 0.0
1,0,1,1,0,1,0,0,0,21,6,5,0,0,0,0,0,0.0, 0.0, 0.0, 0.012195121951219513, 0.0, 0.0, 0.0, 0.0, 0.0
0,0,0,1,0,1,0,0,0,11,3,3,0,0,0,0,0,0.0106951871657754, 0.0, 0.0, 0.0, 0.0, 0.0, 0.0, 0.0, 0.0
1,0,1,1,0,1,0,1,0,8,3,3,1,0,0,0,0,0.012448132780082987, 0.0, 0.0, 0.0, 0.0, 0.0, 0.0, 0.0, 0.0
1,0,1,1,1,1,0,0,0,8,2,2,0,0,0,0,0,0.015228426395939087, 0.0, 0.0, 0.0, 0.0, 0.005076142131979695, 0.0, 0.0, 0.0
1,0,0,0,0,1,0,0,0,12,6,3,1,0,0,0,0,0.005988023952095809, 0.0, 0.0, 0.0, 0.004491017964071856, 0.004491017964071856, 0.0, 0.0, 0.0
1,0,1,1,1,1,1,3,0,14,3,3,1,0,0,0,0,0.017241379310344827, 0.0, 0.0, 0.0, 0.0, 0.005747126436781609, 0.0, 0.0, 0.0
1,0,1,1,1,0,0,0,0,5,1,1,0,0,0,0,0,0.0, 0.0, 0.0, 0.0, 0.0, 0.0, 0.0, 0.0, 0.0
1,0,1,1,1,0,0,0,0,5,1,1,0,0,0,0,0,0.0, 0.0, 0.0, 0.0, 0.0, 0.0, 0.0, 0.0, 0.0
1,0,1,1,0,1,0,0,0,9,3,3,1,0,0,0,0,0.006578947368421052, 0.0, 0.0, 0.013157894736842105, 0.0, 0.0, 0.0, 0.0, 0.0
1,0,0,0,0,0,0,0,0,5,1,1,0,0,0,0,0,0.015151515151515152, 0.0, 0.0, 0.0, 0.0, 0.0, 0.0, 0.0, 0.0
1,0,1,1,0,0,0,0,0,5,1,1,0,0,0,0,0,0.0, 0.0, 0.0, 0.0, 0.0, 0.0, 0.0, 0.0, 0.0
1,0,1,1,1,0,0,0,0,4,1,1,0,0,0,0,0,0.0, 0.0, 0.0, 0.0, 0.0, 0.0, 0.0, 0.0, 0.0
1,0,1,1,1,0,0,0,0,4,1,1,0,0,0,0,0,0.0, 0.0, 0.0, 0.0, 0.0, 0.0, 0.0, 0.0, 0.0
0,0,1,1,0,1,0,0,0,19,5,2,0,0,0,0,0,0.0079155672823219, 0.0, 0.0, 0.002638522427440633, 0.0, 0.0079155672823219, 0.0, 0.0, 0.0
1,0,1,1,0,0,0,0,0,5,1,1,0,0,0,0,0,0.0, 0.0, 0.0, 0.0, 0.0, 0.0, 0.0, 0.0, 0.0
1,0,1,1,0,1,0,0,0,11,3,2,0,0,0,0,0,0.0, 0.0, 0.0, 0.0, 0.0, 0.0, 0.0, 0.0, 0.0
1,0,1,0,0,0,0,0,0,3,1,1,0,0,0,0,0,0.015503875968992248, 0.0, 0.0, 0.0, 0.0, 0.007751937984496124, 0.0, 0.0, 0.0
0,0,1,1,1,1,0,0,0,9,2,2,0,0,0,0,0,0.015384615384615385, 0.0, 0.0, 0.0, 0.0, 0.005128205128205128, 0.0, 0.0, 0.0
1,0,1,0,0,0,0,0,0,5,2,2,1,0,0,0,0,0.0, 0.0, 0.0, 0.0, 0.0047169811320754715, 0.0047169811320754715, 0.0, 0.0, 0.0
1,0,1,0,0,0,0,0,0,4,1,1,0,0,0,0,0,0.0044994375703037125, 0.0, 0.0, 0.0, 0.0, 0.0, 0.0, 0.0, 0.0
1,0,1,1,0,0,0,0,0,8,2,2,1,0,0,0,0,0.009615384615384616, 0.0, 0.0, 0.0, 0.0, 0.0, 0.0, 0.0, 0.0
0,0,0,0,0,0,0,0,0,5,1,1,0,0,0,0,0,0.022988505747126436, 0.0, 0.0, 0.0, 0.0, 0.0, 0.0, 0.0, 0.0
1,0,1,1,1,0,0,0,0,4,1,1,0,0,0,0,0,0.025, 0.0, 0.0, 0.0, 0.0, 0.0, 0.0, 0.0, 0.0
1,0,1,0,0,0,0,0,0,4,2,2,1,0,0,0,0,0.011299435028248588, 0.0, 0.0, 0.011299435028248588, 0.0, 0.0, 0.0, 0.0, 0.0
1,1,1,0,0,0,0,0,0,0,0,0,0,0,0,0,0,0.0, 0.0, 0.0, 0.0, 0.0, 0.0, 0.0, 0.0, 0.0
1,0,1,0,0,0,0,0,0,1,1,1,0,0,0,0,0,0.0045351473922902496, 0.0, 0.0, 0.0, 0.0, 0.0, 0.0, 0.0, 0.0
1,0,1,1,0,1,0,0,0,7,3,3,1,0,0,0,0,0.0, 0.0, 0.0, 0.01098901098901099, 0.0, 0.0, 0.0, 0.0, 0.0
0,0,1,1,0,0,0,0,0,2,1,1,0,0,0,0,0,0.014492753623188406, 0.0, 0.0, 0.00966183574879227, 0.0, 0.004830917874396135, 0.0, 0.0, 0.0
0,0,1,0,0,0,0,0,0,6,1,1,0,0,0,0,0,0.0, 0.0, 0.0, 0.010526315789473684, 0.0, 0.0, 0.0, 0.0, 0.0
1,0,1,0,0,0,0,0,0,2,1,1,0,0,0,0,0,0.004550625711035267, 0.0, 0.0, 0.0, 0.0, 0.0, 0.0, 0.0, 0.0
1,0,1,0,0,0,0,0,0,1,1,1,0,0,0,0,0,0.0045351473922902496, 0.0, 0.0, 0.0, 0.0, 0.0, 0.0, 0.0, 0.0
1,0,1,0,0,0,0,0,0,1,1,1,0,0,0,0,0,0.004530011325028313, 0.0, 0.0, 0.0, 0.0, 0.0, 0.0, 0.0, 0.0
1,0,1,0,0,1,0,0,0,5,2,2,0,0,0,0,0,0.007692307692307693, 0.0, 0.0, 0.0, 0.0, 0.0, 0.0, 0.0, 0.0
1,0,1,1,0,1,0,0,0,6,2,2,0,0,0,0,0,0.015306122448979591, 0.0, 0.0, 0.0, 0.0, 0.00510204081632653, 0.0, 0.0, 0.0
1,1,1,0,1,1,0,0,0,27,10,3,1,0,1,0,1,0.007331378299120235, 0.0, 0.0, 0.0, 0.001466275659824047, 0.002932551319648094, 0.0, 0.0, 0.0
1,0,1,1,0,1,0,0,0,27,9,3,0,0,0,0,0,0.014492753623188406, 0.0, 0.0, 0.0, 0.0, 0.0, 0.0, 0.0, 0.0
1,0,1,0,0,1,0,0,0,5,2,2,0,0,0,0,0,0.007692307692307693, 0.0, 0.0, 0.0, 0.0, 0.0, 0.0, 0.0, 0.0
1,0,1,1,1,1,0,0,0,8,2,2,0,0,0,0,0,0.015151515151515152, 0.0, 0.0, 0.0, 0.0, 0.005050505050505051, 0.0, 0.0, 0.0
1,0,1,0,0,0,0,0,0,2,1,1,0,0,0,0,0,0.004550625711035267, 0.0, 0.0, 0.0, 0.0, 0.0, 0.0, 0.0, 0.0
1,0,1,0,0,0,0,0,0,2,1,1,0,0,0,0,0,0.004550625711035267, 0.0, 0.0, 0.0, 0.0, 0.0, 0.0, 0.0, 0.0
1,0,1,1,0,1,0,0,0,24,7,5,1,0,0,0,0,0.0, 0.0, 0.0, 0.0, 0.0, 0.0, 0.0, 0.0, 0.0
1,0,1,1,1,1,0,0,0,8,2,2,0,0,0,0,0,0.015306122448979591, 0.0, 0.0, 0.0, 0.0, 0.00510204081632653, 0.0, 0.0, 0.0
1,0,1,1,1,1,0,0,0,8,2,2,0,0,0,0,0,0.015306122448979591, 0.0, 0.0, 0.0, 0.0, 0.00510204081632653, 0.0, 0.0, 0.0
1,0,1,0,0,0,0,0,0,5,1,1,0,0,0,0,0,0.00684931506849315, 0.0, 0.0, 0.0, 0.0, 0.0, 0.0, 0.0, 0.0
1,0,1,1,1,1,0,0,0,8,2,2,0,0,0,0,0,0.015, 0.0, 0.0, 0.0, 0.0, 0.005, 0.0, 0.0, 0.0
0,0,1,1,1,0,0,0,0,6,1,1,0,0,0,0,0,0.016666666666666666, 0.0, 0.0, 0.0, 0.008333333333333333, 0.0, 0.0, 0.0, 0.0
1,0,1,0,0,1,0,0,0,14,5,3,1,0,0,0,0,0.006688963210702341, 0.0, 0.0, 0.0, 0.0, 0.0, 0.0, 0.0, 0.0
1,1,1,1,1,1,0,0,0,6,2,2,0,0,0,0,0,0.015, 0.0, 0.0, 0.0, 0.0, 0.005, 0.0, 0.0, 0.0
0,0,1,1,1,1,1,0,0,16,4,3,0,0,0,0,0,0.0, 0.0, 0.0, 0.010416666666666666, 0.0, 0.0, 0.0, 0.0, 0.0
1,0,1,0,0,1,0,0,0,16,5,3,1,0,0,0,0,0.006535947712418301, 0.0, 0.0, 0.0, 0.0, 0.0, 0.0, 0.0, 0.0
1,0,1,1,0,1,0,0,0,26,9,3,0,0,0,0,0,0.014492753623188406, 0.0, 0.0, 0.0, 0.0, 0.0, 0.0, 0.0, 0.0
1,0,1,1,0,0,0,0,0,9,2,2,1,0,0,0,0,0.010638297872340425, 0.0, 0.0, 0.0, 0.0, 0.0, 0.0, 0.0, 0.0
1,1,1,1,0,0,0,1,0,7,1,1,0,0,0,0,0,0.0, 0.0, 0.0, 0.0, 0.0, 0.0, 0.0, 0.0, 0.0
1,0,1,1,0,0,0,0,0,8,2,2,1,0,0,0,0,0.011627906976744186, 0.0, 0.0, 0.0, 0.0, 0.0, 0.0, 0.0, 0.0
1,0,1,1,0,1,0,0,0,27,9,3,0,0,0,0,0,0.012738853503184714, 0.0, 0.0, 0.0, 0.0, 0.0, 0.0, 0.0, 0.0
1,0,1,1,0,1,0,0,0,28,9,3,0,0,0,0,0,0.014492753623188406, 0.0, 0.0, 0.0, 0.0, 0.0, 0.0, 0.0, 0.0
1,0,1,1,1,1,0,0,0,10,3,3,1,0,0,0,0,0.008130081300813009, 0.0, 0.0, 0.0, 0.0, 0.008130081300813009, 0.0, 0.0, 0.0
1,1,1,1,0,1,0,0,0,8,3,3,1,0,0,0,0,0.015748031496062992, 0.0, 0.0, 0.0, 0.0, 0.007874015748031496, 0.0, 0.0, 0.0
0,0,1,0,0,1,0,0,0,37,13,4,1,0,0,0,0,0.0024888003982080635, 0.0, 0.0, 0.0014932802389248383, 0.0004977600796416127, 0.0004977600796416127, 0.0, 0.0004977600796416127, 0.0
1,0,1,1,1,0,0,0,0,5,2,2,1,0,0,0,0,0.0, 0.0, 0.0, 0.010101010101010102, 0.0, 0.0, 0.0, 0.0, 0.0
1,0,1,1,0,0,0,0,0,9,2,2,1,0,0,0,0,0.01098901098901099, 0.0, 0.0, 0.0, 0.0, 0.0, 0.0, 0.0, 0.0
1,1,1,0,0,0,0,0,0,0,0,0,0,0,0,0,0,0.0, 0.0, 0.0, 0.0, 0.0, 0.0, 0.0, 0.0, 0.0
1,1,1,0,0,0,0,0,0,0,0,0,0,0,0,0,0,0.0, 0.0, 0.0, 0.0, 0.0, 0.0, 0.0, 0.0, 0.0
1,0,1,1,0,1,0,0,0,28,9,3,0,0,0,0,0,0.014492753623188406, 0.0, 0.0, 0.0, 0.0, 0.0, 0.0, 0.0, 0.0
0,0,1,1,0,0,0,0,0,4,1,1,0,0,0,0,0,0.0, 0.0, 0.0, 0.0, 0.0, 0.0, 0.0, 0.0, 0.0
1,0,1,1,1,1,0,0,0,10,3,3,1,0,0,0,0,0.008130081300813009, 0.0, 0.0, 0.0, 0.0, 0.008130081300813009, 0.0, 0.0, 0.0
0,0,1,0,0,1,0,0,0,11,3,2,1,0,0,0,0,0.0, 0.0, 0.0, 0.0, 0.0, 0.0, 0.0, 0.0, 0.0
1,0,1,0,0,0,0,0,0,4,1,1,0,0,0,0,0,0.016260162601626018, 0.0, 0.0, 0.0, 0.0, 0.008130081300813009, 0.0, 0.0, 0.0
0,0,1,1,0,0,0,0,0,8,2,2,1,0,0,0,0,0.011235955056179775, 0.0, 0.0, 0.0, 0.0, 0.0, 0.0, 0.0, 0.0
1,0,1,1,0,0,0,0,0,9,2,2,1,0,0,0,0,0.010309278350515464, 0.0, 0.0, 0.0, 0.0, 0.0, 0.0, 0.0, 0.0
1,0,1,0,1,0,1,0,0,5,1,1,0,0,0,0,0,0.004439511653718091, 0.0, 0.0, 0.0, 0.0, 0.0, 0.0, 0.0, 0.0
1,0,1,0,0,1,0,0,0,20,7,5,1,0,0,0,0,0.004545454545454545, 0.0, 0.0, 0.0, 0.0, 0.0022727272727272726, 0.0, 0.0, 0.0
0,0,1,1,0,1,0,0,0,28,9,4,1,0,0,0,0,0.0, 0.0, 0.0, 0.0078125, 0.0, 0.0, 0.0, 0.0, 0.0
1,0,1,1,0,1,0,0,0,16,6,3,1,0,0,0,0,0.0, 0.0, 0.0, 0.00980392156862745, 0.0, 0.00980392156862745, 0.0, 0.0, 0.0
1,0,1,1,0,0,0,0,0,2,1,1,0,0,0,0,0,0.01951219512195122, 0.0, 0.0, 0.004878048780487805, 0.0, 0.004878048780487805, 0.004878048780487805, 0.0, 0.0
1,0,1,0,0,1,0,0,0,45,14,6,1,0,0,0,0,0.0, 0.0, 0.0, 0.002688172043010753, 0.0, 0.0, 0.0, 0.0013440860215053765, 0.0
1,0,1,1,0,1,0,0,0,18,6,3,1,0,0,0,0,0.0, 0.0, 0.0, 0.00980392156862745, 0.0, 0.00980392156862745, 0.0, 0.0, 0.0
1,0,1,1,0,0,0,0,0,8,2,2,1,0,0,0,0,0.009433962264150943, 0.0, 0.0, 0.0, 0.0, 0.0, 0.0, 0.0, 0.0
0,0,1,1,0,0,0,0,0,3,1,1,0,0,0,0,0,0.0, 0.0, 0.0, 0.0, 0.0, 0.0, 0.0, 0.0, 0.0
1,0,1,1,0,1,0,0,0,17,6,2,0,0,0,0,0,0.006564551422319475, 0.0, 0.0, 0.0, 0.002188183807439825, 0.00437636761487965, 0.0, 0.0, 0.0
1,0,1,0,0,0,0,0,0,5,1,1,0,0,0,0,0,0.008264462809917356, 0.0, 0.0, 0.0, 0.0, 0.008264462809917356, 0.0, 0.0, 0.0
0,0,1,0,0,1,0,7,0,76,25,10,1,0,0,0,0,0.0019351717464925011, 0.0, 0.0, 0.0009675858732462506, 0.0, 0.0004837929366231253, 0.0, 0.0, 0.0
0,1,1,1,1,1,0,0,0,6,2,2,0,0,0,0,0,0.015384615384615385, 0.0, 0.0, 0.0, 0.0, 0.005128205128205128, 0.0, 0.0, 0.0
1,1,1,1,0,1,0,0,0,22,7,6,1,0,0,0,0,0.004291845493562232, 0.0, 0.0, 0.0, 0.004291845493562232, 0.004291845493562232, 0.0, 0.0, 0.0
0,0,1,1,0,1,0,0,0,6,2,2,0,0,0,0,0,0.0, 0.0, 0.0, 0.0, 0.0, 0.0, 0.0, 0.0, 0.0
0,0,1,0,0,0,0,0,0,15,3,2,1,0,0,0,0,0.009569377990430622, 0.0, 0.0, 0.0, 0.0, 0.0, 0.0, 0.0, 0.0
0,0,1,0,0,1,0,0,0,44,12,8,1,0,0,0,0,0.0049261083743842365, 0.0, 0.0, 0.0024630541871921183, 0.0, 0.0, 0.0, 0.0, 0.0
1,0,1,1,1,1,0,0,0,24,8,3,1,1,0,0,0,0.0, 0.0, 0.0, 0.0, 0.0, 0.0026041666666666665, 0.0, 0.0, 0.0
1,1,1,0,0,1,0,0,0,16,5,2,1,0,0,0,0,0.0, 0.0, 0.0, 0.0, 0.0036496350364963502, 0.0036496350364963502, 0.0, 0.0, 0.0
1,1,1,0,0,1,0,0,0,16,5,2,1,0,0,0,0,0.0, 0.0, 0.0, 0.0, 0.0036496350364963502, 0.0036496350364963502, 0.0, 0.0, 0.0
1,0,1,1,0,1,0,0,0,12,4,3,1,0,0,0,0,0.0, 0.0, 0.0, 0.0, 0.0, 0.005076142131979695, 0.0, 0.0, 0.0
0,0,1,1,0,1,0,0,0,38,12,2,0,0,0,0,0,0.00881057268722467, 0.0, 0.0, 0.0, 0.0, 0.0, 0.0, 0.0, 0.0
1,0,1,1,0,1,0,0,0,18,6,3,1,0,1,0,0,0.0, 0.0, 0.0, 0.0, 0.0, 0.005076142131979695, 0.0, 0.0, 0.0
0,0,1,1,0,1,0,0,0,6,2,2,0,0,0,0,0,0.0, 0.0, 0.0, 0.0, 0.0, 0.0, 0.0, 0.0, 0.0
1,0,1,0,0,1,0,0,0,15,5,3,1,0,0,0,0,0.007220216606498195, 0.0, 0.0, 0.0, 0.0, 0.0, 0.0, 0.0, 0.0
1,0,1,0,0,1,0,0,0,15,5,3,1,0,0,0,0,0.007220216606498195, 0.0, 0.0, 0.0, 0.0, 0.0, 0.0, 0.0, 0.0
1,0,1,1,1,1,0,0,0,22,8,8,1,1,0,0,0,0.00625, 0.0, 0.0, 0.0, 0.0, 0.0, 0.0, 0.0, 0.0
1,0,1,1,0,1,0,0,0,13,4,3,1,0,0,0,0,0.010948905109489052, 0.0, 0.0, 0.0, 0.0, 0.014598540145985401, 0.0, 0.0, 0.0
0,0,1,1,1,1,0,0,0,6,2,2,0,0,0,0,0,0.015384615384615385, 0.0, 0.0, 0.0, 0.0, 0.005128205128205128, 0.0, 0.0, 0.0
1,0,1,1,0,0,0,0,0,9,2,2,1,0,0,0,0,0.010526315789473684, 0.0, 0.0, 0.0, 0.0, 0.0, 0.0, 0.0, 0.0
0,0,1,0,0,1,0,0,0,23,6,4,1,0,0,0,0,0.004807692307692308, 0.0, 0.0, 0.004807692307692308, 0.0, 0.001201923076923077, 0.0, 0.0, 0.0
1,0,1,0,1,1,0,5,0,26,11,4,1,0,0,0,0,0.007547169811320755, 0.0, 0.0, 0.0, 0.0012578616352201257, 0.0025157232704402514, 0.0, 0.0, 0.0
1,0,1,0,1,1,1,0,0,14,4,4,0,0,0,0,0,0.0076045627376425855, 0.0, 0.0, 0.0, 0.0, 0.0, 0.0, 0.0, 0.0
1,0,1,1,0,1,0,0,0,9,4,3,1,0,0,0,0,0.015037593984962405, 0.0, 0.0, 0.0, 0.0, 0.007518796992481203, 0.0, 0.0, 0.0
1,0,1,1,0,1,0,0,0,9,4,3,1,0,0,0,0,0.015037593984962405, 0.0, 0.0, 0.0, 0.0, 0.007518796992481203, 0.0, 0.0, 0.0
1,0,1,1,0,1,0,0,0,15,4,3,1,0,0,0,0,0.0, 0.0, 0.0, 0.0, 0.0, 0.0, 0.0, 0.0, 0.0
1,1,1,1,0,0,0,0,0,9,2,2,1,0,0,0,0,0.0, 0.0, 0.0, 0.0, 0.0, 0.0, 0.006060606060606061, 0.0, 0.0
0,0,1,0,0,1,0,0,0,5,2,2,0,0,0,0,0,0.016129032258064516, 0.0, 0.0, 0.0, 0.0, 0.0, 0.0, 0.0, 0.0
0,0,1,1,0,1,0,0,0,6,2,2,0,0,0,0,0,0.0, 0.0, 0.0, 0.0, 0.0, 0.0, 0.0, 0.0, 0.0
1,0,1,0,1,1,0,0,0,15,5,3,1,0,0,0,0,0.006968641114982578, 0.0, 0.0, 0.0, 0.0, 0.0, 0.0, 0.0, 0.0
1,0,1,0,1,1,0,0,0,15,5,3,1,0,0,0,0,0.006968641114982578, 0.0, 0.0, 0.0, 0.0, 0.0, 0.0, 0.0, 0.0
1,0,1,1,0,0,0,0,0,8,2,2,1,0,0,0,0,0.0, 0.0, 0.0, 0.0, 0.0, 0.0, 0.005813953488372093, 0.0, 0.0
1,0,1,0,0,1,0,0,0,15,5,3,1,0,0,0,0,0.006872852233676976, 0.0, 0.0, 0.0, 0.0, 0.0, 0.0, 0.0, 0.0
1,0,1,0,0,1,0,0,0,15,5,3,1,0,0,0,0,0.006779661016949152, 0.0, 0.0, 0.0, 0.0, 0.0, 0.0, 0.0, 0.0
1,0,1,0,0,1,0,0,0,15,5,3,1,0,0,0,0,0.006600660066006601, 0.0, 0.0, 0.0, 0.0, 0.0, 0.0, 0.0, 0.0
1,0,1,0,1,0,0,0,0,3,1,1,0,0,0,0,0,0.007575757575757576, 0.0, 0.0, 0.0, 0.0, 0.0, 0.0, 0.0, 0.0
1,0,1,1,0,0,0,0,0,8,2,2,1,0,0,0,0,0.0, 0.0, 0.0, 0.0, 0.0, 0.0, 0.0058823529411764705, 0.0, 0.0
1,0,0,1,0,0,0,0,0,7,1,1,0,0,0,0,0,0.010498687664041995, 0.0, 0.0, 0.0, 0.005249343832020997, 0.0026246719160104987, 0.0, 0.0, 0.0
1,0,1,0,0,1,0,0,0,6,2,2,0,0,0,0,0,0.0, 0.0, 0.0, 0.0, 0.0, 0.0, 0.0, 0.0, 0.0
1,0,1,1,0,0,0,0,0,9,2,2,1,0,0,0,0,0.0, 0.0, 0.0, 0.0, 0.0, 0.0, 0.005813953488372093, 0.0, 0.0
1,0,1,0,0,1,0,0,0,8,4,3,0,0,0,0,0,0.00463678516228748, 0.0, 0.0, 0.0, 0.0015455950540958269, 0.0015455950540958269, 0.0, 0.0, 0.0015455950540958269
1,0,1,0,0,1,0,0,0,15,5,3,1,0,0,0,0,0.006896551724137931, 0.0, 0.0, 0.0, 0.0, 0.0, 0.0, 0.0, 0.0
1,0,1,0,0,1,0,0,0,15,5,3,1,0,0,0,0,0.006896551724137931, 0.0, 0.0, 0.0, 0.0, 0.0, 0.0, 0.0, 0.0
1,0,1,1,0,1,0,0,0,22,10,4,1,0,0,0,0,0.008631319358816275, 0.0, 0.0, 0.007398273736128237, 0.0, 0.0, 0.002466091245376079, 0.0, 0.0
1,0,1,1,0,0,0,0,0,8,2,2,1,0,0,0,0,0.0, 0.0, 0.0, 0.0, 0.0, 0.0, 0.0, 0.0, 0.0
0,0,1,0,0,1,0,0,0,39,12,8,1,0,0,0,0,0.0, 0.0, 0.0, 0.002976190476190476, 0.0, 0.0, 0.0, 0.0, 0.0
0,0,1,0,0,1,0,0,0,39,12,8,1,0,0,0,0,0.0, 0.0, 0.0, 0.002976190476190476, 0.0, 0.0, 0.0, 0.0, 0.0
1,0,1,0,0,1,0,0,0,23,6,4,1,0,0,0,0,0.004807692307692308, 0.0, 0.0, 0.004807692307692308, 0.0, 0.001201923076923077, 0.0, 0.0, 0.0
1,0,1,1,0,1,0,0,0,13,4,2,0,0,0,0,0,0.007668711656441718, 0.0, 0.0, 0.007668711656441718, 0.0, 0.0, 0.0, 0.0, 0.0
1,0,0,0,0,1,0,0,0,8,3,2,1,0,0,0,0,0.002967359050445104, 0.0, 0.0, 0.0, 0.002967359050445104, 0.002967359050445104, 0.0, 0.0, 0.0
1,0,1,1,0,0,0,0,0,6,2,2,1,0,0,0,0,0.030303030303030304, 0.0, 0.0, 0.0, 0.0, 0.0, 0.0, 0.0, 0.0
0,0,1,0,0,1,0,0,0,37,13,4,1,0,0,0,0,0.0024888003982080635, 0.0, 0.0, 0.0014932802389248383, 0.0004977600796416127, 0.0004977600796416127, 0.0, 0.0004977600796416127, 0.0
0,0,1,1,0,1,1,0,0,35,12,2,0,0,0,0,0,0.00881057268722467, 0.0, 0.0, 0.0, 0.0, 0.0, 0.0, 0.0, 0.0
1,0,1,0,0,1,0,0,0,14,5,3,1,0,0,0,0,0.002890173410404624, 0.0, 0.0, 0.0, 0.0, 0.0, 0.0, 0.0, 0.0
0,0,1,0,0,1,0,0,0,67,24,9,1,0,0,1,0,0.0015544041450777201, 0.0, 0.0, 0.002072538860103627, 0.0, 0.0005181347150259067, 0.0, 0.0005181347150259067, 0.0
1,0,1,0,0,1,0,0,0,28,9,3,1,0,0,0,0,0.0014492753623188406, 0.0, 0.0, 0.0014492753623188406, 0.0, 0.0014492753623188406, 0.0, 0.0014492753623188406, 0.0
0,0,1,1,0,1,0,0,0,34,12,2,0,0,0,0,0,0.00881057268722467, 0.0, 0.0, 0.0, 0.0, 0.0, 0.0, 0.0, 0.0
1,1,1,1,0,1,0,0,0,7,2,2,0,0,0,0,0,0.011904761904761904, 0.0, 0.0, 0.0, 0.0, 0.0, 0.0, 0.0, 0.0
0,0,1,0,0,0,0,0,0,4,1,1,0,0,0,0,0,0.008928571428571428, 0.0, 0.0, 0.0, 0.005952380952380952, 0.005952380952380952, 0.002976190476190476, 0.0, 0.0
0,0,1,0,0,0,0,0,0,4,1,1,0,0,0,0,0,0.008928571428571428, 0.0, 0.0, 0.0, 0.005952380952380952, 0.005952380952380952, 0.002976190476190476, 0.0, 0.0
0,0,1,0,0,1,0,0,0,36,13,5,1,0,0,0,0,0.0021041557075223566, 0.0, 0.0, 0.0005260389268805891, 0.0, 0.0005260389268805891, 0.0, 0.0, 0.0
0,0,0,0,0,0,0,0,0,0,0,0,0,0,0,0,0,0.0, 0.0, 0.0, 0.0, 0.0, 0.0, 0.0, 0.0, 0.0
1,0,1,0,0,1,0,1,0,37,12,4,1,0,0,0,0,0.005893909626719057, 0.0, 0.0, 0.0019646365422396855, 0.0, 0.0, 0.0, 0.0009823182711198428, 0.0
1,0,1,0,0,0,0,0,0,1,1,1,0,0,0,0,0,0.008264462809917356, 0.0, 0.0, 0.0, 0.0, 0.008264462809917356, 0.0, 0.0, 0.0
1,0,1,1,0,1,0,0,0,12,4,3,1,0,0,0,0,0.010948905109489052, 0.0, 0.0, 0.0, 0.0, 0.014598540145985401, 0.0, 0.0, 0.0
1,1,1,0,0,1,0,0,0,11,2,2,0,0,0,0,0,0.0, 0.0, 0.0, 0.0, 0.0, 0.0, 0.0, 0.0, 0.0
1,0,1,1,0,1,0,0,0,6,2,2,1,0,0,0,0,0.006172839506172839, 0.0, 0.0, 0.0, 0.006172839506172839, 0.0, 0.0, 0.0, 0.0
1,0,1,1,0,1,0,0,0,6,2,2,1,0,0,0,0,0.006172839506172839, 0.0, 0.0, 0.0, 0.006172839506172839, 0.0, 0.0, 0.0, 0.0
1,0,1,0,1,0,0,0,0,6,2,2,1,0,0,0,0,0.011235955056179775, 0.0, 0.0, 0.011235955056179775, 0.0, 0.0, 0.0, 0.0, 0.0
1,0,1,0,0,1,0,0,0,13,4,2,0,0,0,0,0,0.0055248618784530384, 0.0, 0.0, 0.0077348066298342545, 0.0, 0.0, 0.0, 0.0, 0.0
1,0,1,0,0,0,0,0,0,3,1,1,0,0,0,0,0,0.0, 0.0, 0.0, 0.0, 0.0, 0.0, 0.0, 0.0, 0.0
1,0,1,0,0,0,0,0,0,1,1,1,0,0,0,0,0,0.0, 0.0, 0.0, 0.0, 0.0, 0.0, 0.0, 0.0, 0.0
0,0,1,0,0,1,0,0,0,36,13,5,1,0,0,0,0,0.0021041557075223566, 0.0, 0.0, 0.0005260389268805891, 0.0, 0.0005260389268805891, 0.0, 0.0, 0.0
1,0,1,1,1,1,0,0,0,8,3,3,1,0,0,0,0,0.0, 0.0, 0.0, 0.0, 0.0, 0.0, 0.0, 0.0, 0.0
0,0,1,0,0,1,0,0,0,36,13,5,1,0,0,0,0,0.0021041557075223566, 0.0, 0.0, 0.0005260389268805891, 0.0, 0.0005260389268805891, 0.0, 0.0, 0.0
1,0,1,1,0,1,0,0,0,29,8,6,1,0,0,0,0,0.006172839506172839, 0.0, 0.0, 0.0, 0.0, 0.0, 0.0, 0.0, 0.0
1,0,1,0,0,0,0,0,0,4,1,1,0,0,0,0,0,0.026143790849673203, 0.0, 0.0, 0.0, 0.0, 0.0, 0.0, 0.0, 0.0
1,0,1,1,0,1,0,0,0,20,6,5,0,0,0,0,0,0.014388489208633094, 0.0, 0.0, 0.0, 0.007194244604316547, 0.014388489208633094, 0.0, 0.0, 0.0
1,0,1,1,0,0,0,0,0,6,2,2,0,0,0,0,0,0.011627906976744186, 0.0, 0.0, 0.0, 0.005813953488372093, 0.011627906976744186, 0.005813953488372093, 0.005813953488372093, 0.0
1,0,1,1,0,1,0,0,0,11,2,2,0,0,0,0,0,0.015, 0.0, 0.0, 0.0, 0.0, 0.005, 0.0, 0.0, 0.0
1,0,1,1,0,1,0,0,0,11,2,2,0,0,0,0,0,0.015, 0.0, 0.0, 0.0, 0.0, 0.005, 0.0, 0.0, 0.0
1,0,1,1,0,1,0,0,0,19,6,5,0,0,0,0,0,0.014388489208633094, 0.0, 0.0, 0.0, 0.007194244604316547, 0.014388489208633094, 0.0, 0.0, 0.0
1,0,1,1,0,0,0,0,0,6,2,2,0,0,0,0,0,0.011627906976744186, 0.0, 0.0, 0.0, 0.005813953488372093, 0.011627906976744186, 0.005813953488372093, 0.005813953488372093, 0.0
1,0,1,1,0,1,0,0,0,10,4,4,1,0,0,0,0,0.013071895424836602, 0.0, 0.0, 0.0, 0.0, 0.006535947712418301, 0.0, 0.0, 0.0
1,0,1,1,0,1,0,5,0,11,2,2,1,0,0,0,0,0.0, 0.0, 0.0, 0.0, 0.0, 0.0, 0.0, 0.0, 0.0
1,0,1,1,0,1,0,0,0,12,2,2,0,0,0,0,0,0.015, 0.0, 0.0, 0.0, 0.0, 0.005, 0.0, 0.0, 0.0
0,0,1,1,0,1,1,0,0,28,9,3,1,0,1,0,0,0.008333333333333333, 0.0, 0.0, 0.0, 0.0, 0.004166666666666667, 0.0, 0.0, 0.0
1,0,1,0,0,0,0,0,0,4,1,1,0,0,0,0,0,0.013888888888888888, 0.0, 0.0, 0.0, 0.0, 0.0, 0.0, 0.0, 0.0
1,0,1,0,0,0,0,0,0,4,1,1,0,0,0,0,0,0.013888888888888888, 0.0, 0.0, 0.0, 0.0, 0.0, 0.0, 0.0, 0.0
1,0,1,1,0,0,0,0,0,4,1,1,0,0,0,0,0,0.016666666666666666, 0.0, 0.0, 0.0, 0.008333333333333333, 0.0, 0.0, 0.0, 0.0
1,0,1,1,0,1,0,1,0,65,23,10,1,0,0,0,0,0.009523809523809525, 0.0, 0.0, 0.0, 0.0, 0.004761904761904762, 0.0, 0.0, 0.0
1,0,1,0,0,1,0,0,0,11,3,2,1,0,0,0,0,0.005988023952095809, 0.0, 0.0, 0.0, 0.0, 0.0, 0.0, 0.0, 0.0
1,0,1,1,0,0,0,0,0,7,2,2,1,0,0,0,0,0.0, 0.0, 0.0, 0.0, 0.0, 0.0, 0.005747126436781609, 0.0, 0.0
1,0,1,1,0,1,0,0,0,24,8,4,1,0,0,0,0,0.005870841487279843, 0.0, 0.0, 0.011741682974559686, 0.0019569471624266144, 0.0, 0.0, 0.0, 0.0
1,0,1,1,0,1,0,0,0,24,8,4,1,0,0,0,0,0.005870841487279843, 0.0, 0.0, 0.011741682974559686, 0.0019569471624266144, 0.0, 0.0, 0.0, 0.0
0,0,1,1,0,0,0,0,0,7,2,2,1,0,0,0,0,0.004975124378109453, 0.0, 0.0, 0.0, 0.0, 0.0, 0.0, 0.0, 0.0
0,0,1,1,0,0,0,0,0,7,2,2,1,0,0,0,0,0.004975124378109453, 0.0, 0.0, 0.0, 0.0, 0.0, 0.0, 0.0, 0.0
1,1,1,1,0,1,0,0,0,9,2,2,1,0,0,0,0,0.009242144177449169, 0.0, 0.0, 0.009242144177449169, 0.0, 0.0, 0.0, 0.0, 0.0
0,0,1,1,0,1,0,3,0,26,8,4,1,1,0,0,0,0.0, 0.0, 0.0, 0.01733181299885975, 0.0, 0.0, 0.0, 0.0, 0.0
1,1,1,1,0,1,0,0,0,33,11,4,1,0,0,0,0,0.012658227848101266, 0.0, 0.0, 0.0, 0.008438818565400843, 0.004219409282700422, 0.0, 0.0, 0.0
0,0,1,1,0,0,0,0,0,10,2,2,1,0,0,0,0,0.0, 0.0, 0.0, 0.0, 0.0, 0.0, 0.0, 0.0, 0.0
1,1,1,1,0,1,0,0,0,31,11,4,1,0,0,0,0,0.012658227848101266, 0.0, 0.0, 0.0, 0.008438818565400843, 0.004219409282700422, 0.0, 0.0, 0.0
1,0,1,0,0,0,0,0,0,2,1,1,0,0,0,0,0,0.0, 0.0, 0.0, 0.0, 0.0, 0.0, 0.0, 0.0, 0.0
1,1,1,0,0,1,0,0,0,20,8,4,1,0,0,0,0,0.0035026269702276708, 0.0, 0.0, 0.0, 0.0035026269702276708, 0.0, 0.0035026269702276708, 0.0, 0.0
0,0,1,1,0,1,0,0,0,13,3,3,0,0,0,0,0,0.01098901098901099, 0.0, 0.0, 0.0, 0.0, 0.0, 0.0, 0.0, 0.0
1,1,1,0,0,0,0,0,0,2,1,1,0,0,0,0,0,0.0106951871657754, 0.0, 0.0, 0.0053475935828877, 0.0, 0.0, 0.0, 0.0, 0.0
1,1,1,0,0,0,0,0,0,3,1,1,0,0,0,0,0,0.010638297872340425, 0.0, 0.0, 0.005319148936170213, 0.0, 0.0, 0.0, 0.0, 0.0
1,0,1,0,0,1,0,0,0,13,2,2,0,0,0,0,0,0.002512562814070352, 0.0, 0.0, 0.0, 0.0, 0.007537688442211055, 0.0, 0.0, 0.0
1,1,1,1,0,1,0,3,0,28,8,4,1,1,0,0,0,0.0, 0.0, 0.0, 0.01733181299885975, 0.0, 0.0, 0.0, 0.0, 0.0
1,1,1,1,0,1,0,0,0,8,2,2,1,0,0,0,0,0.009208103130755065, 0.0, 0.0, 0.009208103130755065, 0.0, 0.0, 0.0, 0.0, 0.0
1,1,1,1,0,1,0,0,0,34,11,4,1,0,0,0,0,0.012658227848101266, 0.0, 0.0, 0.0, 0.008438818565400843, 0.004219409282700422, 0.0, 0.0, 0.0
0,0,1,1,0,1,0,0,0,7,2,2,0,0,0,0,0,0.006172839506172839, 0.0, 0.0, 0.0, 0.0, 0.0, 0.0, 0.0, 0.0
0,0,1,1,0,1,0,1,0,10,3,3,0,0,0,0,0,0.01098901098901099, 0.0, 0.0, 0.0, 0.0, 0.0, 0.0, 0.0, 0.0
1,0,1,0,0,1,0,0,0,8,3,2,0,0,0,0,0,0.0, 0.0, 0.0, 0.0, 0.0, 0.0, 0.0, 0.0, 0.0
0,0,1,1,0,1,0,0,0,4,2,2,0,0,0,0,0,0.0, 0.0, 0.0, 0.0, 0.0, 0.0, 0.0, 0.0, 0.0
1,1,1,0,0,0,1,0,0,5,1,1,0,0,0,0,0,0.0, 0.0, 0.0, 0.0, 0.0, 0.007751937984496124, 0.0, 0.0, 0.0
0,0,1,1,1,0,0,0,0,17,3,3,1,0,0,0,0,0.0, 0.0, 0.0, 0.0, 0.0, 0.0, 0.0, 0.0, 0.0
0,0,1,1,0,1,0,0,0,37,12,2,0,0,0,0,0,0.00881057268722467, 0.0, 0.0, 0.0, 0.0, 0.0, 0.0, 0.0, 0.0
1,1,1,0,1,0,0,0,0,4,1,1,0,0,0,0,0,0.024, 0.0, 0.0, 0.0, 0.0, 0.0, 0.0, 0.0, 0.0
1,0,1,0,0,1,0,0,0,8,3,2,0,0,0,0,0,0.0, 0.0, 0.0, 0.0, 0.0, 0.0, 0.0, 0.0, 0.0
1,0,1,0,0,1,0,0,0,8,3,2,0,0,0,0,0,0.0, 0.0, 0.0, 0.0, 0.0, 0.0, 0.0, 0.0, 0.0
0,0,1,1,1,0,0,0,0,17,3,3,1,0,0,0,0,0.0, 0.0, 0.0, 0.0, 0.0, 0.0, 0.0, 0.0, 0.0
0,1,1,1,0,1,0,0,0,7,2,2,0,0,0,0,0,0.006211180124223602, 0.0, 0.0, 0.0, 0.0, 0.0, 0.0, 0.0, 0.0
1,0,1,0,0,0,0,0,0,3,1,1,0,0,0,0,0,0.0064516129032258064, 0.0, 0.0, 0.0, 0.0, 0.0, 0.0, 0.0, 0.0
0,0,1,0,0,1,0,0,0,31,11,5,1,0,0,0,0,0.0008710801393728223, 0.0, 0.0, 0.002613240418118467, 0.0, 0.0, 0.0, 0.0008710801393728223, 0.0
1,0,1,1,0,0,0,0,0,9,2,2,1,0,0,0,0,0.00819672131147541, 0.0, 0.0, 0.0, 0.0, 0.0, 0.0, 0.0, 0.0
0,0,1,0,0,1,0,0,0,57,20,7,1,0,0,0,0,0.0007513148009015778, 0.0, 0.0, 0.002253944402704733, 0.0, 0.0007513148009015778, 0.0, 0.0007513148009015778, 0.0
1,0,1,0,0,0,0,0,0,4,1,1,0,0,0,0,0,0.016, 0.0, 0.0, 0.0, 0.0, 0.008, 0.0, 0.0, 0.0
1,0,1,1,0,0,0,0,0,9,2,2,1,0,0,0,0,0.008620689655172414, 0.0, 0.0, 0.0, 0.0, 0.0, 0.0, 0.0, 0.0
0,0,0,1,1,1,0,0,0,19,6,3,0,0,0,0,0,0.017543859649122806, 0.0, 0.0, 0.0, 0.0, 0.005847953216374269, 0.0, 0.0, 0.0
0,0,1,1,0,1,0,0,0,27,9,3,0,0,0,0,0,0.012738853503184714, 0.0, 0.0, 0.0, 0.0, 0.0, 0.0, 0.0, 0.0
0,1,1,0,0,1,0,0,0,21,7,3,0,0,0,0,0,0.005291005291005291, 0.0, 0.0, 0.0, 0.0, 0.0, 0.0, 0.0, 0.001763668430335097
0,1,1,0,0,0,0,0,0,3,1,1,0,0,0,0,0,0.0, 0.0, 0.0, 0.0, 0.0, 0.0, 0.0, 0.0, 0.0
1,1,1,0,0,0,0,0,0,3,1,1,0,0,0,0,0,0.0, 0.0, 0.0, 0.0, 0.0, 0.0, 0.0, 0.0, 0.0
0,0,1,1,0,0,0,0,0,10,2,2,1,0,0,0,0,0.009174311926605505, 0.0, 0.0, 0.0, 0.0, 0.0, 0.0, 0.0, 0.0
0,0,1,1,0,1,0,0,0,23,7,3,1,0,0,0,0,0.0, 0.0, 0.0, 0.019230769230769232, 0.0, 0.0, 0.0, 0.0, 0.019230769230769232
0,0,1,1,0,0,0,0,0,10,2,2,1,0,0,0,0,0.00909090909090909, 0.0, 0.0, 0.0, 0.0, 0.0, 0.0, 0.0, 0.0
1,1,1,0,1,0,0,0,0,6,1,1,0,0,0,0,0,0.0, 0.0, 0.0, 0.0, 0.0, 0.0, 0.0, 0.0, 0.0
1,1,1,0,1,0,0,0,0,6,1,1,0,0,0,0,0,0.0, 0.0, 0.0, 0.0, 0.0, 0.0, 0.0, 0.0, 0.0
1,1,1,1,0,1,0,0,0,34,11,4,1,0,0,0,0,0.012658227848101266, 0.0, 0.0, 0.0, 0.008438818565400843, 0.004219409282700422, 0.0, 0.0, 0.0
1,0,1,1,0,0,0,0,0,7,2,2,1,0,0,0,0,0.010869565217391304, 0.0, 0.0, 0.0, 0.0, 0.0, 0.0, 0.0, 0.0
1,0,1,1,0,0,0,0,0,11,2,2,1,0,0,0,0,0.009615384615384616, 0.0, 0.0, 0.0, 0.0, 0.0, 0.0, 0.0, 0.0
1,0,1,1,0,0,0,0,0,2,1,1,0,0,0,0,0,0.0, 0.0, 0.0, 0.0, 0.0, 0.021739130434782608, 0.0, 0.0, 0.0
1,0,1,1,0,1,0,0,0,6,2,2,0,0,0,0,0,0.0, 0.0, 0.0, 0.0, 0.0, 0.0, 0.0, 0.0, 0.0
1,1,1,1,1,1,0,0,0,19,6,2,0,0,0,0,0,0.006578947368421052, 0.0, 0.0, 0.0, 0.0021929824561403508, 0.0043859649122807015, 0.0, 0.0, 0.0
0,1,1,1,0,1,0,0,0,37,12,2,0,0,0,0,0,0.00881057268722467, 0.0, 0.0, 0.0, 0.0, 0.0, 0.0, 0.0, 0.0
0,0,1,1,0,0,0,0,0,11,2,2,1,0,0,0,0,0.008620689655172414, 0.0, 0.0, 0.0, 0.0, 0.0, 0.0, 0.0, 0.0
1,1,1,1,0,0,0,0,0,5,2,2,1,0,0,0,0,0.018779342723004695, 0.0, 0.0, 0.0, 0.0, 0.0, 0.0, 0.0, 0.0
1,0,1,0,0,0,0,0,0,1,1,1,0,0,0,0,0,0.03424657534246575, 0.0, 0.0, 0.0, 0.0, 0.0, 0.0, 0.0, 0.0
1,0,1,1,0,0,0,0,0,0,1,1,0,0,0,0,0,0.011494252873563218, 0.0, 0.0, 0.0, 0.0, 0.0, 0.0, 0.0, 0.0
1,0,1,1,0,0,0,0,0,5,2,2,1,0,0,0,0,0.005235602094240838, 0.0, 0.0, 0.008726003490401396, 0.0, 0.0, 0.0, 0.0, 0.0
0,1,1,0,0,0,0,0,0,4,1,1,0,0,0,0,0,0.0, 0.0, 0.0, 0.0, 0.0, 0.008, 0.0, 0.0, 0.0
1,0,1,0,0,1,0,0,0,26,10,3,1,0,0,0,0,0.007272727272727273, 0.0, 0.0, 0.0, 0.0012121212121212121, 0.0024242424242424242, 0.0, 0.0, 0.0
0,0,1,0,0,1,0,0,0,11,4,2,0,0,0,0,0,0.011086474501108648, 0.0, 0.0, 0.004434589800443459, 0.0, 0.0, 0.0, 0.0, 0.0
1,1,1,1,0,1,0,0,0,6,2,2,0,0,0,0,0,0.0, 0.0, 0.0, 0.0, 0.0, 0.0, 0.0, 0.0, 0.0
0,0,1,1,0,1,0,0,0,15,5,3,1,0,0,0,0,0.009115770282588878, 0.0, 0.0, 0.004557885141294439, 0.0, 0.0027347310847766638, 0.0, 0.0, 0.0
0,0,1,1,0,0,0,0,0,10,2,2,1,0,0,0,0,0.00847457627118644, 0.0, 0.0, 0.0, 0.0, 0.0, 0.0, 0.0, 0.0
0,1,1,1,0,1,0,0,0,36,12,2,0,0,0,0,0,0.00881057268722467, 0.0, 0.0, 0.0, 0.0, 0.0, 0.0, 0.0, 0.0
1,0,1,1,0,0,0,0,0,11,2,2,1,0,0,0,0,0.008620689655172414, 0.0, 0.0, 0.0, 0.0, 0.0, 0.0, 0.0, 0.0
0,0,1,1,0,1,0,0,0,59,20,5,1,0,0,0,0,0.004434589800443459, 0.0, 0.0, 0.0066518847006651885, 0.0, 0.0022172949002217295, 0.0, 0.0, 0.0
0,1,1,1,0,1,1,0,0,14,4,3,1,0,0,0,0,0.00411522633744856, 0.0, 0.0, 0.0, 0.0, 0.0, 0.0, 0.0, 0.0
0,0,1,1,0,1,0,3,0,26,8,4,1,1,0,0,0,0.0, 0.0, 0.0, 0.017604818160759785, 0.0, 0.0, 0.0, 0.0, 0.0
0,0,1,1,0,0,0,0,0,7,2,2,1,0,0,0,0,0.009708737864077669, 0.0, 0.0, 0.0, 0.0, 0.0, 0.0, 0.0, 0.0
1,0,1,1,0,0,0,0,0,11,2,2,1,0,0,0,0,0.008403361344537815, 0.0, 0.0, 0.0, 0.0, 0.0, 0.0, 0.0, 0.0
1,1,1,0,0,1,0,0,0,16,3,3,0,0,0,0,0,0.0018552875695732839, 0.0, 0.0, 0.0, 0.0, 0.0, 0.0, 0.0, 0.0
1,1,1,0,0,1,0,0,0,16,3,3,0,0,0,0,0,0.0018552875695732839, 0.0, 0.0, 0.0, 0.0, 0.0, 0.0, 0.0, 0.0
0,0,1,0,0,1,0,0,0,10,4,2,0,0,0,0,0,0.011135857461024499, 0.0, 0.0, 0.004454342984409799, 0.0, 0.0, 0.0, 0.0, 0.0
1,0,1,1,0,0,0,0,0,10,2,2,1,0,0,0,0,0.0, 0.0, 0.0, 0.0, 0.0, 0.0, 0.0, 0.0, 0.0
0,0,1,1,0,1,0,0,0,27,9,3,0,0,0,0,0,0.012738853503184714, 0.0, 0.0, 0.0, 0.0, 0.0, 0.0, 0.0, 0.0
0,1,0,1,0,1,0,0,0,20,10,1,1,0,0,0,0,0.01937046004842615, 0.0, 0.0, 0.0, 0.0, 0.0, 0.0, 0.004842615012106538, 0.0
1,0,1,1,0,0,0,0,0,10,2,2,1,0,0,0,0,0.0, 0.0, 0.0, 0.0, 0.0, 0.0, 0.0, 0.0, 0.0
1,0,1,1,0,0,0,0,0,10,2,2,1,0,0,0,0,0.0, 0.0, 0.0, 0.0, 0.0, 0.0, 0.0, 0.0, 0.0
1,1,1,1,0,1,0,0,0,26,9,3,0,0,0,0,0,0.014492753623188406, 0.0, 0.0, 0.0, 0.0, 0.0, 0.0, 0.0, 0.0
0,0,1,0,0,0,1,0,0,4,1,1,0,0,0,0,0,0.0, 0.0, 0.0, 0.0, 0.0, 0.008, 0.0, 0.0, 0.0
1,1,1,1,0,1,0,0,0,26,8,2,0,0,0,0,0,0.014492753623188406, 0.0, 0.0, 0.0, 0.0, 0.0, 0.0, 0.0, 0.0
1,0,1,1,0,0,0,0,0,10,2,2,1,0,0,0,0,0.0, 0.0, 0.0, 0.0, 0.0, 0.0, 0.0, 0.0, 0.0
1,0,1,0,0,1,0,0,0,26,10,3,1,0,0,0,0,0.007272727272727273, 0.0, 0.0, 0.0, 0.0012121212121212121, 0.0024242424242424242, 0.0, 0.0, 0.0
1,0,1,1,0,0,0,0,0,4,2,2,1,0,0,0,0,0.0, 0.0, 0.0, 0.012195121951219513, 0.0, 0.0, 0.0, 0.0, 0.0
1,0,1,1,0,0,0,0,0,4,2,2,1,0,0,0,0,0.0, 0.0, 0.0, 0.012195121951219513, 0.0, 0.0, 0.0, 0.0, 0.0
1,0,1,0,0,1,0,0,0,6,2,2,0,0,0,0,0,0.0, 0.0, 0.0, 0.0, 0.0, 0.0, 0.0, 0.0, 0.0
0,1,1,1,0,1,0,0,0,6,2,2,0,0,0,0,0,0.0, 0.0, 0.0, 0.0, 0.0, 0.0, 0.0, 0.0, 0.0
1,0,1,1,0,0,0,0,0,4,2,2,1,0,0,0,0,0.0, 0.0, 0.0, 0.012195121951219513, 0.0, 0.0, 0.0, 0.0, 0.0
1,0,0,0,0,1,0,0,0,23,7,6,1,0,0,0,0,0.001287001287001287, 0.0, 0.0, 0.010296010296010296, 0.0, 0.002574002574002574, 0.0, 0.0, 0.0
1,0,1,1,0,0,0,0,0,10,2,2,1,0,0,0,0,0.0, 0.0, 0.0, 0.0, 0.0, 0.0, 0.0, 0.0, 0.0
0,1,1,0,0,0,0,0,0,8,2,2,1,0,0,0,0,0.0, 0.0, 0.0, 0.0, 0.0, 0.0, 0.009009009009009009, 0.0, 0.0
1,1,1,0,0,1,0,0,0,16,3,3,0,0,0,0,0,0.0018552875695732839, 0.0, 0.0, 0.0, 0.0, 0.0, 0.0, 0.0, 0.0
1,0,1,1,0,0,0,0,0,10,2,2,1,0,0,0,0,0.0, 0.0, 0.0, 0.0, 0.0, 0.0, 0.0, 0.0, 0.0
0,1,1,1,0,1,0,0,0,25,9,3,0,0,0,0,0,0.015151515151515152, 0.0, 0.0, 0.0, 0.0, 0.0, 0.0, 0.0, 0.0
0,0,1,0,0,1,0,0,0,45,15,4,1,0,0,0,0,0.0016042780748663102, 0.0, 0.0, 0.0021390374331550803, 0.0, 0.0, 0.0, 0.0, 0.0
1,0,1,1,0,1,0,0,0,15,5,5,1,0,0,0,0,0.012738853503184714, 0.0, 0.0, 0.0, 0.0, 0.006369426751592357, 0.0, 0.0, 0.006369426751592357
1,0,1,1,1,1,1,0,0,116,39,6,1,0,0,0,0,0.006696428571428571, 0.0, 0.0, 0.0, 0.0, 0.002232142857142857, 0.0, 0.0, 0.0
1,1,1,0,0,1,0,0,0,11,4,2,1,0,0,0,0,0.008389261744966443, 0.0, 0.0, 0.0016778523489932886, 0.0, 0.0016778523489932886, 0.0, 0.0, 0.0
1,0,1,1,0,0,0,0,0,10,2,2,1,0,0,0,0,0.0, 0.0, 0.0, 0.0, 0.0, 0.0, 0.0, 0.0, 0.0
1,0,1,0,0,0,0,2,0,4,1,1,0,0,0,0,0,0.006607929515418502, 0.0, 0.0, 0.004405286343612335, 0.0, 0.0, 0.0, 0.0, 0.0
0,0,1,0,0,1,0,0,0,6,2,2,0,0,0,0,0,0.0, 0.0, 0.0, 0.0, 0.0, 0.0, 0.0, 0.0, 0.0
1,1,1,0,0,0,0,0,0,3,1,1,0,0,0,0,0,0.012422360248447204, 0.0, 0.0, 0.0, 0.0, 0.0, 0.0, 0.0, 0.0
0,0,1,0,1,1,0,0,0,38,14,4,1,0,0,1,0,0.0014742014742014742, 0.0, 0.0, 0.0009828009828009828, 0.0, 0.0004914004914004914, 0.0, 0.0, 0.0
1,1,1,1,1,1,1,0,0,12,5,3,0,0,0,0,0,0.00390625, 0.0, 0.0, 0.0, 0.0, 0.0, 0.0, 0.0, 0.0
0,1,1,1,0,1,0,0,0,6,2,1,0,0,0,0,0,0.0, 0.0, 0.0, 0.0, 0.0, 0.0, 0.0, 0.0, 0.0
1,0,1,0,0,0,0,0,0,5,1,1,0,0,0,0,0,0.0, 0.0, 0.0, 0.0, 0.004784688995215311, 0.0, 0.0, 0.0, 0.0
0,0,1,1,0,0,0,0,0,12,2,2,1,0,0,0,0,0.00980392156862745, 0.0, 0.0, 0.0, 0.0, 0.0, 0.0, 0.0, 0.0
1,1,1,1,0,1,0,0,0,23,8,2,0,0,0,0,0,0.014492753623188406, 0.0, 0.0, 0.0, 0.0, 0.0, 0.0, 0.0, 0.0
1,1,1,0,0,1,0,0,0,27,10,3,1,0,0,0,0,0.007290400972053463, 0.0, 0.0, 0.0, 0.001215066828675577, 0.002430133657351154, 0.0, 0.0, 0.0
1,0,1,1,0,0,0,0,0,10,2,2,1,0,0,0,0,0.0, 0.0, 0.0, 0.0, 0.0, 0.0, 0.0, 0.0, 0.0
0,0,1,0,0,0,1,0,0,5,1,1,0,0,0,0,0,0.0, 0.0, 0.0, 0.0, 0.0, 0.007936507936507936, 0.0, 0.0, 0.0
0,1,1,1,0,1,0,0,0,9,3,2,1,0,0,0,0,0.0, 0.0, 0.0, 0.0, 0.0, 0.0, 0.0, 0.0, 0.0
0,0,1,0,1,1,0,0,0,7,2,2,0,0,0,0,0,0.0, 0.0, 0.0, 0.0, 0.0, 0.0, 0.0, 0.0, 0.0
1,1,1,0,0,0,0,0,0,3,1,1,0,0,0,0,0,0.0, 0.0, 0.0, 0.011627906976744186, 0.0, 0.0, 0.0, 0.0, 0.0
0,0,1,0,0,0,0,0,0,2,1,1,0,0,0,0,0,0.006666666666666667, 0.0, 0.0, 0.0, 0.0, 0.0, 0.0, 0.0, 0.0
0,0,1,1,0,0,0,0,0,18,4,3,1,0,0,0,0,0.011834319526627219, 0.0, 0.0, 0.0, 0.0, 0.0, 0.0, 0.0, 0.0
1,0,1,1,0,0,0,0,0,8,2,2,1,0,0,0,0,0.0, 0.0, 0.0, 0.0, 0.0, 0.0, 0.0, 0.0, 0.0
0,0,1,1,0,0,0,0,0,18,3,2,1,0,0,0,0,0.016, 0.0, 0.0, 0.0, 0.0, 0.0, 0.0, 0.0, 0.0
1,0,1,1,0,0,0,0,0,10,2,2,1,0,0,0,0,0.0, 0.0, 0.0, 0.0, 0.0, 0.0, 0.0, 0.0, 0.0
0,0,1,1,0,0,0,0,0,18,4,3,1,0,0,0,0,0.011834319526627219, 0.0, 0.0, 0.0, 0.0, 0.0, 0.0, 0.0, 0.0
0,0,1,1,1,1,0,0,0,9,3,3,0,0,0,0,0,0.0, 0.0, 0.0, 0.0, 0.0, 0.0, 0.0, 0.0, 0.0
1,0,1,1,0,0,0,0,0,11,2,2,1,0,0,0,0,0.0, 0.0, 0.0, 0.0, 0.0, 0.0, 0.0, 0.0, 0.0
0,0,1,0,0,0,0,0,0,2,1,1,0,0,0,0,0,0.006493506493506494, 0.0, 0.0, 0.0, 0.0, 0.0, 0.0, 0.0, 0.0
0,0,1,0,0,0,0,0,0,20,8,2,0,0,0,0,0,0.0, 0.0, 0.0, 0.0, 0.0, 0.0, 0.0, 0.0, 0.0
1,0,1,1,0,0,0,0,0,10,2,2,1,0,0,0,0,0.0, 0.0, 0.0, 0.0, 0.0, 0.0, 0.0, 0.0, 0.0
0,0,1,1,0,0,0,0,0,8,2,2,1,0,0,0,0,0.0, 0.0, 0.0, 0.0, 0.0, 0.0, 0.0, 0.0, 0.0
0,0,1,1,0,0,0,0,0,4,1,1,0,0,0,0,0,0.0, 0.0, 0.0, 0.0, 0.0, 0.0, 0.0, 0.0, 0.0
0,1,1,1,0,1,0,0,0,23,8,7,1,0,1,0,0,0.01775147928994083, 0.0, 0.0, 0.0, 0.005917159763313609, 0.0, 0.0, 0.0, 0.0
0,1,1,1,0,1,0,0,0,23,8,7,1,0,1,0,0,0.01775147928994083, 0.0, 0.0, 0.0, 0.005917159763313609, 0.0, 0.0, 0.0, 0.0
0,1,1,1,0,1,0,0,0,19,7,6,1,0,1,0,0,0.016216216216216217, 0.0, 0.0, 0.0, 0.005405405405405406, 0.0, 0.0, 0.0, 0.0
0,1,1,1,0,1,0,0,0,6,2,1,0,0,0,0,0,0.0, 0.0, 0.0, 0.0, 0.0, 0.0, 0.0, 0.0, 0.0
1,0,1,0,0,1,0,0,0,26,10,3,1,0,0,0,0,0.007290400972053463, 0.0, 0.0, 0.0, 0.001215066828675577, 0.002430133657351154, 0.0, 0.0, 0.0
1,1,1,1,0,1,0,0,0,19,5,4,1,0,0,0,0,0.010869565217391304, 0.0, 0.0, 0.0, 0.0, 0.005434782608695652, 0.0, 0.0, 0.0
1,0,1,1,0,0,0,0,0,10,2,2,1,0,0,0,0,0.0, 0.0, 0.0, 0.0, 0.0, 0.0, 0.0, 0.0, 0.0
1,0,1,1,0,1,0,0,0,31,7,7,1,0,0,0,0,0.004149377593360996, 0.0, 0.0, 0.0, 0.0, 0.0, 0.0, 0.0, 0.0
1,0,1,1,0,0,0,0,0,8,2,2,1,0,0,0,0,0.0, 0.0, 0.0, 0.0, 0.0, 0.0, 0.0, 0.0, 0.0
1,0,0,1,0,1,0,0,0,19,5,4,1,0,0,0,0,0.010869565217391304, 0.0, 0.0, 0.0, 0.0, 0.005434782608695652, 0.0, 0.0, 0.0
0,0,1,1,0,1,0,0,0,40,13,5,1,0,0,0,0,0.005649717514124294, 0.0, 0.0, 0.005649717514124294, 0.0, 0.0, 0.0, 0.0, 0.0
0,0,1,1,0,1,0,0,0,40,13,5,1,0,0,0,0,0.005649717514124294, 0.0, 0.0, 0.005649717514124294, 0.0, 0.0, 0.0, 0.0, 0.0
1,0,1,1,0,0,0,0,0,6,2,2,1,0,0,0,0,0.009523809523809525, 0.0, 0.0, 0.0, 0.0, 0.0, 0.0, 0.0, 0.0
0,0,1,1,0,1,0,0,0,40,13,5,1,0,0,0,0,0.005649717514124294, 0.0, 0.0, 0.005649717514124294, 0.0, 0.0, 0.0, 0.0, 0.0
0,0,1,1,0,0,0,0,0,8,2,2,1,0,0,0,0,0.0, 0.0, 0.0, 0.0, 0.0, 0.0, 0.0, 0.0, 0.0
0,0,1,1,0,1,0,0,0,13,3,3,0,0,0,0,0,0.010869565217391304, 0.0, 0.0, 0.0, 0.0, 0.0, 0.0, 0.0, 0.0
1,0,1,1,0,0,0,0,0,8,2,2,1,0,0,0,0,0.0, 0.0, 0.0, 0.0, 0.0, 0.0, 0.0, 0.0, 0.0
0,1,1,1,0,0,0,0,0,8,2,2,1,0,0,0,0,0.0, 0.0, 0.0, 0.0, 0.0, 0.0, 0.0, 0.0, 0.0
0,0,1,1,0,0,0,0,0,10,2,2,1,0,0,0,0,0.0, 0.0, 0.0, 0.0, 0.0, 0.0, 0.0, 0.0, 0.0
1,0,1,1,0,0,0,0,0,8,2,2,1,0,0,0,0,0.0, 0.0, 0.0, 0.0, 0.0, 0.0, 0.0, 0.0, 0.0
0,0,1,0,0,0,0,0,0,0,0,0,0,0,0,0,0,0.0, 0.0, 0.0, 0.0, 0.0, 0.0, 0.0, 0.0, 0.0
1,0,1,1,0,0,0,0,0,8,2,2,1,0,0,0,0,0.0, 0.0, 0.0, 0.0, 0.0, 0.0, 0.0, 0.0, 0.0
1,0,1,1,0,0,0,0,0,8,2,2,1,0,0,0,0,0.0, 0.0, 0.0, 0.0, 0.0, 0.0, 0.0, 0.0, 0.0
1,0,1,1,0,0,0,0,0,8,2,2,1,0,0,0,0,0.0, 0.0, 0.0, 0.0, 0.0, 0.0, 0.0, 0.0, 0.0
1,0,1,1,0,0,0,0,0,8,2,2,1,0,0,0,0,0.0, 0.0, 0.0, 0.0, 0.0, 0.0, 0.0, 0.0, 0.0
0,0,1,1,0,0,0,0,0,10,3,3,1,0,0,0,0,0.018018018018018018, 0.0, 0.0, 0.0, 0.0, 0.009009009009009009, 0.0, 0.0, 0.0
0,0,1,1,0,0,0,0,0,10,2,2,1,0,0,0,0,0.0, 0.0, 0.0, 0.0, 0.0, 0.0, 0.0, 0.0, 0.0
0,1,1,1,1,1,0,0,0,8,2,1,0,0,0,0,0,0.0, 0.0, 0.0, 0.0, 0.0, 0.0, 0.0, 0.0, 0.0
0,1,1,1,1,1,0,0,0,7,2,2,0,0,0,0,0,0.0, 0.0, 0.0, 0.0, 0.0, 0.0, 0.0, 0.0, 0.0
1,0,1,0,0,0,0,0,0,4,1,1,0,0,0,0,0,0.0, 0.0, 0.0, 0.0, 0.0049261083743842365, 0.0, 0.0, 0.0, 0.0
1,0,1,0,0,1,0,0,0,4,2,2,1,0,0,0,0,0.001756440281030445, 0.0, 0.0, 0.0, 0.000585480093676815, 0.001756440281030445, 0.0, 0.0, 0.000585480093676815
0,0,1,1,0,0,0,0,0,10,3,3,1,0,0,0,0,0.018018018018018018, 0.0, 0.0, 0.0, 0.0, 0.009009009009009009, 0.0, 0.0, 0.0
0,1,1,1,1,1,0,0,0,7,2,2,0,0,0,0,0,0.0, 0.0, 0.0, 0.0, 0.0, 0.0, 0.0, 0.0, 0.0
1,0,1,1,0,0,0,0,0,6,2,2,1,0,0,0,0,0.010101010101010102, 0.0, 0.0, 0.0, 0.0, 0.0, 0.0, 0.0, 0.0
0,0,1,0,0,1,0,0,0,10,3,3,1,0,0,0,0,0.011029411764705883, 0.0, 0.0, 0.0, 0.003676470588235294, 0.007352941176470588, 0.003676470588235294, 0.0, 0.0
0,1,1,1,1,1,0,0,0,7,2,2,0,0,0,0,0,0.0, 0.0, 0.0, 0.0, 0.0, 0.0, 0.0, 0.0, 0.0
1,0,1,1,0,0,0,0,0,6,2,2,1,0,0,0,0,0.010101010101010102, 0.0, 0.0, 0.0, 0.0, 0.0, 0.0, 0.0, 0.0
1,1,1,1,0,1,0,0,0,26,9,3,0,0,0,0,0,0.014492753623188406, 0.0, 0.0, 0.0, 0.0, 0.0, 0.0, 0.0, 0.0
0,0,1,0,0,1,0,0,0,8,3,3,1,0,0,0,0,0.009259259259259259, 0.0, 0.0, 0.0, 0.0, 0.0, 0.0, 0.0, 0.0
0,1,1,0,0,0,0,1,0,8,1,1,0,0,0,0,0,0.0, 0.0, 0.0, 0.0, 0.0, 0.0, 0.0, 0.0, 0.0
1,0,1,1,0,0,0,0,0,4,1,1,0,0,0,0,0,0.0, 0.0, 0.0, 0.0, 0.0, 0.0, 0.0, 0.0, 0.0
0,0,1,1,0,0,0,0,0,7,1,1,0,0,0,0,0,0.0, 0.0, 0.0, 0.0, 0.0, 0.0, 0.0, 0.0, 0.0
1,0,1,1,0,0,0,0,0,10,2,2,1,0,0,0,0,0.0, 0.0, 0.0, 0.0, 0.0, 0.0, 0.0, 0.0, 0.0
1,0,1,0,1,1,0,0,0,14,4,4,1,0,0,0,0,0.006711409395973154, 0.0, 0.0, 0.0, 0.003355704697986577, 0.0, 0.0, 0.0, 0.0
1,0,0,1,0,0,0,0,0,5,1,1,0,0,0,0,0,0.006514657980456026, 0.0, 0.0, 0.0, 0.003257328990228013, 0.0, 0.0, 0.0, 0.0
1,0,1,0,0,0,0,0,0,6,1,1,0,0,0,0,0,0.005361930294906166, 0.0, 0.0, 0.0, 0.002680965147453083, 0.0, 0.0, 0.0, 0.0
1,0,1,0,0,0,0,0,0,5,1,1,0,0,0,0,0,0.0, 0.0, 0.0, 0.0, 0.0, 0.0, 0.0, 0.0, 0.0
1,1,1,0,0,1,0,0,0,23,10,3,1,0,0,0,0,0.007326007326007326, 0.0, 0.0, 0.0, 0.001221001221001221, 0.002442002442002442, 0.0, 0.0, 0.0
0,0,1,1,0,0,0,0,0,6,1,1,0,0,0,0,0,0.0, 0.0, 0.0, 0.0, 0.0, 0.0, 0.0, 0.0, 0.0
1,0,1,0,0,0,0,0,0,0,0,0,0,0,0,0,0,0.0, 0.0, 0.0, 0.0, 0.0, 0.0, 0.0, 0.0, 0.0
1,0,1,1,0,0,0,0,0,6,2,2,1,0,0,0,0,0.011111111111111112, 0.0, 0.0, 0.011111111111111112, 0.011111111111111112, 0.0, 0.0, 0.0, 0.0
1,0,1,0,0,1,0,0,0,10,3,2,0,0,0,0,0,0.0, 0.0, 0.0, 0.0, 0.0, 0.0, 0.0, 0.0, 0.0
0,0,1,0,0,0,0,0,0,0,0,0,0,0,0,0,0,0.0, 0.0, 0.0, 0.0, 0.0, 0.005319148936170213, 0.0, 0.0, 0.0
1,1,1,1,0,1,0,0,0,10,2,2,0,0,0,0,0,0.014634146341463415, 0.0, 0.0, 0.0, 0.0, 0.0, 0.0, 0.0, 0.0
0,1,1,1,1,1,0,0,0,25,9,4,0,0,0,0,0,0.005555555555555556, 0.0, 0.0, 0.0, 0.0, 0.0, 0.0, 0.0, 0.0
1,0,1,1,0,0,0,0,0,18,3,3,0,0,0,0,0,0.004629629629629629, 0.0, 0.0, 0.004629629629629629, 0.004629629629629629, 0.0, 0.004629629629629629, 0.0, 0.0
0,1,1,0,0,1,1,0,0,52,15,4,1,0,0,0,0,0.0010526315789473684, 0.0, 0.0, 0.0010526315789473684, 0.0, 0.0010526315789473684, 0.0010526315789473684, 0.0, 0.0
1,0,1,1,0,1,0,0,0,13,5,3,1,0,0,0,0,0.00909090909090909, 0.0, 0.0, 0.004545454545454545, 0.0, 0.0027272727272727275, 0.0, 0.0, 0.0
1,1,1,0,0,0,0,0,0,8,2,2,1,0,0,0,0,0.0, 0.0, 0.0, 0.0, 0.0, 0.0, 0.0, 0.0, 0.0
0,0,1,1,0,1,0,25,0,41,13,6,1,0,1,0,0,0.0, 0.0, 0.0, 0.004098360655737705, 0.004098360655737705, 0.0, 0.0, 0.0, 0.0
1,1,1,0,0,1,0,1,0,6,2,2,1,0,0,0,0,0.00375, 0.0, 0.0, 0.0, 0.00125, 0.00375, 0.0, 0.0, 0.0
1,0,1,1,0,0,0,0,0,4,1,1,0,0,0,0,0,0.009009009009009009, 0.0, 0.0, 0.0, 0.0, 0.0, 0.0, 0.0, 0.0
0,1,1,0,0,0,0,0,0,7,2,2,1,0,0,0,0,0.007751937984496124, 0.0, 0.0, 0.0, 0.0, 0.0, 0.0, 0.0, 0.0
0,0,1,0,0,1,0,16,0,53,12,5,1,0,0,0,0,0.0012033694344163659, 0.0, 0.0, 0.0024067388688327317, 0.0, 0.0, 0.0, 0.0, 0.0012033694344163659
0,0,1,0,0,1,0,0,0,12,2,2,0,0,0,0,0,0.0, 0.0, 0.0, 0.0, 0.0, 0.0, 0.0, 0.0, 0.0
1,0,1,1,0,1,0,0,0,10,4,4,1,0,0,0,0,0.02112676056338028, 0.0, 0.0, 0.0, 0.0, 0.0, 0.0, 0.0, 0.0
1,0,1,1,0,1,0,0,0,10,4,4,1,0,0,0,0,0.02112676056338028, 0.0, 0.0, 0.0, 0.0, 0.0, 0.0, 0.0, 0.0
1,0,1,1,0,1,0,0,0,10,4,4,1,0,0,0,0,0.02112676056338028, 0.0, 0.0, 0.0, 0.0, 0.0, 0.0, 0.0, 0.0
1,0,1,0,0,0,0,0,0,13,3,2,1,0,0,0,0,0.0070052539404553416, 0.0, 0.0, 0.0070052539404553416, 0.0, 0.0035026269702276708, 0.0, 0.0, 0.0