0,0,0,0,2,1,4,0,0
0,0,0,0,1,1,3,0,0
0,0,0,0,1,1,4,0,0
0,0,0,0,1,1,4,0,0
0,0,0,0,1,1,4,0,0
0,0,0,0,0,0,0,0,0
0,0,0,0,1,1,2,0,0
0,0,0,0,1,1,2,0,0
0,0,0,0,2,2,11,0,0
0,0,0,0,21,2,84,0,0
0,0,0,0,2,2,8,0,0
0,0,0,0,6,4,14,1,0
0,0,0,0,2,2,3,0,0
0,0,0,0,6,3,18,0,0
0,0,0,0,2,1,9,0,0
0,0,0,0,2,2,5,0,0
0,0,0,0,2,2,8,0,0
0,0,0,0,1,1,3,0,0
0,0,0,0,2,1,5,0,0
0,0,0,0,3,2,8,0,0
0,0,0,0,1,1,8,0,0
0,0,0,0,1,1,5,0,0
0,0,0,0,1,1,2,0,0
0,0,0,0,1,1,2,0,0
0,0,0,0,1,1,2,0,0
0,0,0,0,41,33,112,0,0
0,0,0,0,3,3,8,0,0
0,0,0,0,1,1,4,0,0
0,0,0,0,0,0,0,0,0
0,0,0,0,1,1,6,0,0
0,0,0,1,0,0,0,0,0
0,0,0,0,0,0,0,0,0
0,0,0,0,2,2,8,0,0
0,0,0,0,1,1,8,0,0
0,0,0,0,1,1,2,0,0
0,0,0,0,2,2,4,0,0
0,0,0,0,2,2,5,0,0
0,0,0,0,1,1,2,0,0
0,0,0,0,0,0,0,0,0
0,0,0,0,1,1,5,0,0
0,0,0,0,2,2,3,0,0
0,0,0,0,0,0,0,0,0
0,0,0,0,1,1,4,0,0
0,0,0,0,2,2,15,0,0
0,0,0,0,1,1,4,0,0
0,0,0,0,0,0,0,0,0
0,0,0,0,2,2,4,0,0
0,0,0,0,2,2,5,0,0
0,0,0,0,4,4,7,0,0
0,0,0,0,1,1,4,0,0
0,0,0,0,2,2,3,0,0
0,0,0,0,1,1,9,0,0
0,0,0,0,1,1,4,0,0
0,0,0,0,1,1,3,0,0
0,0,0,0,3,3,12,0,0
0,0,0,0,2,1,4,0,0
0,0,0,0,1,1,2,0,0
0,0,0,0,2,2,5,0,0
0,0,0,0,1,1,2,0,0
0,0,0,0,4,3,9,0,0
0,0,0,0,2,2,3,1,0
0,0,0,0,0,0,0,0,0
0,1,1,1,78,6,179,0,1
0,0,0,0,2,2,4,0,0
0,0,0,0,0,0,0,0,0
0,0,0,0,11,5,28,0,0
0,1,1,1,82,11,207,0,1
0,0,0,0,3,2,11,0,0
0,0,0,0,1,1,4,0,0
0,0,0,0,2,2,5,0,0
0,0,0,0,1,1,3,0,0
0,0,0,0,4,4,13,0,0
0,0,0,0,1,1,2,0,0
0,0,0,0,3,2,5,0,0
0,0,0,0,2,2,3,1,0
0,0,0,0,1,1,4,0,0
0,0,0,0,1,1,4,0,0
0,0,0,0,0,0,0,0,0
0,0,0,0,2,2,6,0,0
0,0,0,0,1,1,6,0,0
0,0,0,0,2,1,5,0,0
0,0,0,0,2,2,6,0,0
0,0,0,0,0,0,0,0,0
0,0,0,0,1,1,1,0,0
0,0,0,0,1,1,2,0,0
0,0,0,0,1,1,2,0,0
0,0,0,0,3,2,7,0,0
0,0,0,0,0,0,0,0,0
0,0,0,0,0,0,0,0,0
0,0,0,0,2,2,7,0,0
0,0,0,0,1,1,4,0,0
0,0,0,0,1,1,5,0,0
0,0,0,0,1,1,8,0,0
0,0,0,0,4,4,10,0,0
0,0,0,0,1,1,4,0,0
0,0,0,0,1,1,4,0,0
0,0,0,0,2,2,6,0,0
0,0,0,0,0,0,0,0,0
0,0,0,0,1,1,4,0,0
0,0,0,0,0,0,0,0,0
0,0,0,0,4,4,7,0,0
0,0,0,0,3,3,7,0,0
0,0,0,0,1,1,4,0,0
0,0,0,0,1,1,5,0,0
0,0,0,0,2,2,5,0,0
0,0,0,0,1,1,4,0,0
0,0,0,0,1,1,2,0,0
0,0,0,0,1,1,5,0,0
0,0,0,0,1,1,6,0,0
0,0,0,0,1,1,4,0,0
0,0,0,0,2,2,5,0,0
0,0,0,0,1,1,4,0,0
0,0,0,0,1,1,2,0,0
0,0,0,0,0,0,0,0,0
0,0,0,0,0,0,0,0,0
0,0,0,0,2,2,3,1,0
0,0,0,0,2,2,3,0,0
0,0,0,0,2,2,5,0,0
0,0,0,0,1,1,3,0,0
0,0,0,0,1,1,3,0,0
0,1,1,1,92,15,260,0,1
0,0,0,0,1,1,2,0,0
0,0,0,0,2,2,3,0,0
0,0,0,0,1,1,9,0,0
0,0,0,0,3,3,6,0,0
0,0,0,0,2,2,8,0,0
0,0,0,0,2,2,5,0,0
0,0,0,0,2,2,7,0,0
0,0,0,0,5,3,13,0,0
0,0,0,0,3,3,6,0,0
0,0,0,0,6,6,15,0,0
0,0,0,0,5,5,12,0,0
0,0,0,0,1,1,2,0,0
0,0,0,0,1,1,4,0,0
0,0,0,0,1,1,4,0,0
0,0,0,0,1,1,2,0,0
0,0,0,0,2,2,5,1,0
0,0,0,0,3,3,7,0,0
0,0,0,0,1,1,4,0,0
0,0,0,0,170,4,1092,0,0
0,0,0,0,9,2,21,0,0
0,0,0,0,2,2,5,0,0
0,0,0,0,0,0,0,0,0
0,0,0,0,1,1,4,0,0
0,0,0,0,0,0,0,0,0
0,0,0,0,1,1,6,0,0
0,0,0,0,6,3,17,0,0
0,0,0,0,1,1,2,0,0
0,0,0,0,3,3,11,0,0
0,0,0,0,2,2,6,0,0
0,0,0,0,2,2,4,0,0
0,0,0,0,39,29,114,0,0
0,0,0,0,1,1,5,0,0
0,0,0,0,3,3,6,0,0
0,0,0,0,1,1,2,0,0
0,0,0,0,0,0,0,0,0
0,0,0,0,1,1,2,0,0
0,0,0,0,3,3,10,0,0
0,0,0,0,1,1,7,0,0
0,0,0,0,9,4,39,0,0
0,0,0,0,1,1,6,0,0
0,0,1,0,12,7,34,0,0
0,0,0,0,1,1,2,0,0
0,0,0,0,1,1,9,0,0
0,0,0,0,1,1,4,0,0
0,0,0,0,1,1,2,0,0
0,0,0,0,6,5,24,0,0
0,0,0,0,1,1,4,0,0
0,0,0,0,3117,2399,6441,0,0
0,0,0,0,1,1,4,0,0
0,0,0,0,1,1,4,0,0
0,0,0,0,2,2,4,0,0
0,0,0,0,2,2,6,0,0
0,0,0,0,1,1,1,0,0
0,1,1,1,84,37,221,0,0
0,0,0,0,1,1,2,0,0
0,0,0,0,1,1,4,0,0
0,0,0,0,2,1,4,0,0
0,0,0,0,1,1,2,0,0
0,0,0,0,1,1,4,0,0
0,0,0,0,3,3,10,0,0
0,0,0,0,1,1,5,0,0
0,1,1,1,83,8,196,0,1
0,0,0,0,4,4,8,0,0
0,0,0,0,0,0,0,0,0
0,0,0,0,2,2,6,0,0
0,0,0,0,1,1,2,0,0
0,0,0,0,1,1,2,0,0
0,0,0,0,1,1,7,0,0
0,0,0,0,0,0,0,0,0
0,0,0,0,3,3,6,0,0
0,0,0,0,0,0,0,0,0
0,0,0,0,1,1,2,0,0
0,0,0,0,2,2,9,0,0
0,0,0,0,2,2,11,0,0
0,0,0,0,1,1,2,0,0
0,0,0,0,3,3,6,0,0
0,0,0,0,1,1,4,0,0
0,0,0,0,2,2,5,0,0
0,0,0,0,0,0,0,0,0
0,0,0,0,1,1,5,0,0
0,0,0,0,0,0,0,0,0
0,0,0,0,2,2,6,0,0
0,1,0,1,17,12,53,0,0
0,0,0,0,1,1,2,0,0
0,0,0,0,1,1,2,0,0
0,0,0,0,3,3,4,0,0
0,0,0,0,2,2,10,0,0
0,0,0,0,1,1,3,0,0
0,0,0,0,1,1,2,0,0
0,0,0,0,1,1,2,0,0
0,0,0,0,1,1,6,0,0
0,0,0,0,1,1,9,0,0
0,0,0,0,4,4,10,0,0
0,0,0,0,1,1,5,0,0
0,0,0,0,1,1,9,0,0
0,0,0,0,1,1,2,0,0
0,0,0,0,1,1,9,0,0
0,0,0,0,2,2,6,0,0
0,0,0,0,4,4,9,0,0
0,0,0,0,1,1,6,0,0
0,0,0,0,0,0,0,0,0
0,0,0,0,0,0,0,0,0
0,0,0,0,4,1,11,0,0
0,0,0,0,3,3,6,0,0
0,0,0,0,1,1,4,0,0
0,0,0,0,1,1,2,0,0
0,0,0,0,2,2,6,0,0
0,0,0,0,0,0,0,0,0
0,0,0,0,1,1,5,0,0
0,0,0,0,1,1,2,0,0
0,0,0,0,2,2,4,0,0
0,0,0,0,2,2,5,0,0
0,0,0,0,2,2,4,0,0
0,0,0,0,1,1,9,0,0
0,0,0,0,1,1,8,0,0
0,0,0,0,0,0,0,0,0
0,0,0,0,1,1,3,0,0
0,0,0,0,1,1,3,0,0
0,0,0,0,1,1,9,0,0
0,0,0,0,2,2,4,0,0
0,0,0,0,1,1,4,0,0
0,0,0,0,2,2,6,0,0
0,0,0,0,2,2,8,0,0
0,0,0,0,1,1,2,0,0
0,0,0,0,2,2,3,0,0
0,0,0,0,2,2,4,0,0
0,0,0,0,0,0,0,0,0
0,0,0,0,0,0,0,0,0
0,0,0,0,3,2,10,0,0
0,0,0,0,13,9,39,0,0
0,0,0,0,4,2,9,0,0
0,0,0,0,2,2,6,0,0
0,0,0,0,1,1,2,0,0
0,0,0,0,0,0,0,0,0
0,0,0,0,0,0,0,0,0
0,0,0,0,2,2,5,0,0
0,0,0,0,1,1,4,0,0
0,0,0,0,2,1,5,0,0
0,0,0,0,1,1,5,0,0
0,0,0,0,4,3,11,0,0
0,0,0,0,1,1,5,0,0
0,0,0,0,1,1,4,0,0
0,0,0,0,0,0,0,0,0
0,0,0,0,0,0,0,0,0
0,0,0,0,2,1,8,0,0
0,0,0,0,2,2,7,0,0
0,0,0,0,2,2,4,0,0
0,0,0,0,2,2,3,0,0
0,0,0,0,1,1,2,0,0
0,0,0,0,1,1,7,0,0
0,1,1,1,122,46,333,0,0
0,0,0,0,2,1,12,0,0
0,0,0,0,1,1,2,0,0
0,0,0,0,6,4,12,1,0
0,0,0,0,1,1,4,0,0
0,0,0,0,0,0,0,0,0
0,0,0,0,1,1,2,0,0
0,0,0,0,1,1,2,0,0
0,0,0,0,1,1,2,0,0
0,0,0,0,1,1,2,0,0
0,0,0,0,1,1,4,0,0
0,0,0,0,1,1,4,0,0
0,0,0,0,1,1,5,0,0
0,0,0,0,3,3,6,0,0
0,0,0,0,1,1,2,0,0
0,0,0,0,0,0,0,0,0
0,0,0,0,1,1,2,0,0
0,0,0,0,1,1,2,0,0
0,0,0,0,2,2,3,0,0
0,0,0,0,1,1,2,0,0
0,0,0,0,1,1,2,0,0
0,0,0,0,2,2,3,0,0
0,0,0,0,2,2,5,0,0
0,0,0,0,0,0,0,0,0
0,0,0,0,1,1,2,0,0
0,0,0,0,0,0,0,0,0
0,0,0,0,1,1,4,0,0
0,0,0,0,1,1,4,0,0
0,0,0,0,4,3,12,0,0
0,0,0,0,1,1,7,0,0
0,0,0,0,1,1,2,0,0
0,0,0,0,1,1,5,0,0
0,0,0,0,3,3,3,0,0
0,0,0,0,8,3,21,0,0
0,0,0,0,0,0,0,0,0
0,0,0,0,1,1,5,0,0
0,0,0,0,3,3,8,0,0
0,0,0,0,2,2,4,0,0
0,0,0,0,2,2,3,0,0
0,0,0,0,1,1,2,0,0
0,0,0,0,3,3,7,0,0
0,0,0,0,2,2,5,0,0
0,0,0,0,4,4,8,0,0
0,0,0,0,1,1,4,0,0
0,0,0,0,1,1,2,0,0
0,0,0,0,0,0,0,0,0
0,0,0,0,4,2,10,0,0
0,0,0,0,0,0,0,0,0
0,0,0,0,1,1,5,0,0
0,0,0,0,7,4,16,0,0
0,0,0,0,2,2,7,0,0
0,0,0,0,0,0,0,0,0
0,0,0,0,0,0,0,0,0
0,0,0,0,0,0,0,0,0
0,0,0,0,1,1,2,0,0
0,0,0,0,1,1,2,0,0
0,0,0,0,0,0,0,0,0
0,0,0,0,1,1,4,0,0
0,0,0,0,1,1,4,0,0
0,0,0,0,2,2,5,0,0
0,0,0,0,0,0,0,0,0
0,0,0,0,4,4,7,0,0
0,0,0,0,5,5,19,0,0
0,0,0,0,2,2,7,0,0
0,0,0,0,2,2,5,0,0
0,0,0,0,3,2,9,0,0
0,0,0,0,1,1,4,0,0
0,0,0,0,1,1,2,0,0
0,0,0,0,1,1,5,0,0
0,0,0,0,1,1,2,0,0
0,0,0,0,1,1,6,0,0
0,0,0,0,2,2,5,0,0
0,0,0,0,1,1,2,0,0
0,0,0,0,1,1,4,0,0
0,0,0,0,2,2,5,0,0
0,0,0,0,1,1,4,0,0
0,0,0,0,1,1,4,0,0
0,0,0,0,1,1,4,0,0
0,0,0,0,1,1,2,0,0
0,0,0,0,3,3,6,0,0
0,0,0,0,1,1,8,0,0
0,0,0,0,2,2,9,0,0
0,0,0,0,2,2,3,0,0
0,0,0,0,1,1,4,0,0
0,0,0,0,0,0,0,0,0
0,0,0,0,3,3,6,0,0
0,0,0,0,1,1,5,0,0
0,0,0,0,2,2,5,0,0
0,0,0,0,4,4,7,0,0
0,0,0,0,4,1,11,0,0
0,0,0,0,2,2,5,0,0
0,0,0,0,0,0,0,0,0
0,0,0,0,1,1,5,0,0
0,0,0,0,2,2,5,0,0
0,0,0,0,2,2,7,0,0
0,0,0,0,1,1,2,0,0
0,0,0,0,13,2,61,0,0
0,0,0,0,1,1,3,0,0
0,0,0,0,2,1,4,0,0
0,0,0,0,1,1,4,0,0
0,0,0,0,4,4,10,0,0
0,0,0,0,2,2,5,0,0
0,0,0,0,3,3,11,0,0
0,0,0,0,2,1,6,0,0
0,0,0,0,3,2,7,0,0
0,0,0,0,1,1,4,0,0
0,0,0,0,4,3,9,0,0
0,0,0,0,4,4,8,0,0
0,0,0,0,1,1,6,0,0
0,0,0,0,1,1,2,0,0
0,0,0,0,3,3,7,0,0
0,0,0,0,2,2,5,0,0
0,0,0,0,1,1,4,0,0
0,0,0,0,1,1,2,0,0
0,0,0,0,2,2,5,0,0
0,0,0,0,0,0,0,0,0
0,0,0,0,2,2,6,0,0
0,0,0,0,2,2,3,0,0
0,0,0,0,1,1,3,0,0
0,0,0,0,1,1,5,0,0
0,0,0,0,1,1,2,0,0
0,0,0,0,2,2,6,0,0
0,1,1,1,82,8,195,0,1
0,0,0,0,1,1,3,0,0
0,0,0,0,1,1,5,0,0
0,0,0,0,0,0,0,0,0
0,0,0,0,1,1,9,0,0
0,0,0,0,2,2,3,0,0
0,1,1,1,86,48,224,0,0
0,0,0,0,0,0,0,0,0
0,0,0,0,0,0,0,0,0
0,0,0,0,2,2,3,0,0
0,0,0,0,2,2,3,0,0
0,0,0,0,1,1,5,0,0
0,0,0,0,1,1,3,0,0
0,0,0,0,0,0,0,0,0
0,0,0,0,1,1,5,0,0
0,0,0,0,1,1,4,0,0
0,0,0,0,3,1,8,0,0
0,1,1,1,63,12,175,0,0
0,0,0,0,1,1,4,0,0
0,0,0,0,1,1,5,0,0
0,0,0,0,20,17,45,0,0
0,0,0,0,2,2,3,0,0
0,0,0,0,0,0,0,0,0
0,0,0,0,1,1,2,0,0
0,0,0,0,3,3,7,0,0
0,0,0,0,4,4,8,0,0
0,0,0,0,1,1,5,0,0
0,0,0,0,2,2,4,0,0
0,0,0,0,0,0,0,0,0
0,0,0,0,2,2,7,0,0
0,0,0,0,1,1,2,0,0
0,0,0,0,20,2,61,0,0
0,0,0,0,2,1,7,0,0
0,0,0,0,0,0,0,0,0
0,0,0,0,3,3,5,0,0
0,0,0,0,1,1,1,0,0
0,0,0,0,2,2,6,0,0
0,0,0,0,3,3,7,0,0
0,0,0,0,2,2,11,0,0
0,0,0,0,1,1,2,0,0
0,0,0,0,2,2,4,0,0
0,0,0,0,1,1,2,0,0
0,0,0,0,1,1,1,0,0
0,0,0,0,2,2,9,0,0
0,0,0,0,0,0,0,0,0
0,0,0,0,1,1,4,0,0
0,0,0,0,1,1,4,0,0
0,0,0,0,1,1,1,0,0
0,0,0,0,2,2,6,0,0
0,0,0,0,1,1,2,0,0
0,0,0,0,1,1,4,0,0
0,0,0,0,1,1,2,0,0
0,0,0,0,3,2,9,0,0
0,0,0,0,1,1,2,0,0
0,0,0,0,0,0,0,0,0
0,0,0,0,2,2,5,0,0
0,0,0,0,1,1,2,0,0
0,0,0,0,0,0,0,0,0
0,0,0,0,2,2,5,0,0
0,0,0,0,2,2,3,0,0
0,0,0,0,0,0,0,0,0
0,0,0,0,0,0,0,0,0
0,0,0,0,0,0,0,0,0
0,0,0,0,0,0,0,0,0
0,0,0,0,1,1,2,0,0
0,0,0,0,1,1,2,0,0
0,0,0,0,2,2,5,0,0
0,0,0,0,1,1,2,0,0
0,0,0,0,1,1,9,0,0
0,0,0,0,10,3,28,0,0
0,0,0,0,0,0,0,0,0
0,0,0,0,11,2,35,0,0
0,0,0,0,2,2,10,0,0
0,0,0,0,1,1,2,0,0
0,0,0,0,1,1,3,0,0
0,0,0,0,3,3,9,0,0
0,0,0,0,1,1,2,0,0
0,0,0,0,4,4,12,0,0
0,0,0,0,2,1,4,0,0
0,0,0,0,2,2,6,0,0
0,0,0,0,1,1,4,0,0
0,0,0,0,1,1,4,0,0
0,0,0,0,2,2,5,0,0
0,0,0,0,4,4,12,0,0
0,0,0,0,1,1,4,0,0
0,0,0,0,1,1,2,0,0
0,0,0,0,1,1,9,0,0
0,0,0,0,0,0,0,0,0
0,0,0,0,2,2,4,0,0
0,0,0,0,1,1,4,0,0
0,0,0,0,4,3,10,0,0
0,0,0,0,3,3,8,0,0
0,0,0,0,22,21,72,0,0
0,0,0,0,1,1,2,0,0
0,0,0,0,2,2,5,0,0
0,0,0,0,1,1,4,0,0
0,0,0,0,0,0,0,0,0
0,0,0,0,2,2,6,0,0
0,0,0,0,2,2,5,0,0
0,0,0,0,0,0,0,0,0
0,0,0,0,3,3,5,0,0
0,0,0,0,2,2,7,0,0
0,0,0,0,1,1,5,0,0
0,0,0,0,1,1,4,0,0
0,0,0,0,1,1,3,0,0
0,0,0,0,1,1,1,0,0
0,0,0,0,0,0,0,0,0
0,1,1,1,86,48,224,0,0
0,0,0,0,3,3,7,0,0
0,0,0,0,1,1,1,0,0
0,0,0,0,1,1,3,0,0
0,0,0,0,1,1,9,0,0
0,0,0,0,0,0,0,0,0
0,0,0,0,1,1,2,0,0
0,0,0,0,3,3,10,0,0
0,0,0,0,2,2,5,0,0
0,0,0,0,3,3,9,0,0
0,0,0,0,4,4,9,0,0
0,1,1,1,95,12,224,0,1
0,0,0,0,0,0,0,0,0
0,0,0,0,1,1,4,0,0
0,0,0,0,5,5,11,0,0
0,0,0,0,9,5,23,0,0
0,0,0,0,2,2,6,0,0
0,0,0,0,1,1,2,0,0
0,0,0,0,1,1,6,0,0
0,0,0,0,3,3,18,0,0
0,0,0,0,2,2,3,0,0
0,0,0,0,1,1,3,0,0
0,0,0,0,1,1,2,0,0
0,0,0,0,2,2,5,0,0
0,0,0,0,1,1,4,0,0
0,0,0,0,1,1,3,0,0
0,1,1,1,69,8,166,0,1
0,0,0,0,1,1,2,0,0
0,0,0,0,0,0,0,0,0
0,0,0,0,2,2,4,0,0
0,0,0,0,2,2,5,0,0
0,0,0,0,1,1,2,0,0
0,0,0,0,1,1,2,0,0
0,0,0,0,0,0,0,0,0
0,0,0,0,2,2,5,0,0
0,0,0,0,2,2,7,0,0
0,0,0,0,1,1,5,0,0
0,0,0,0,1,1,2,0,0
0,0,0,0,1,1,4,0,0
0,0,0,0,1,1,2,0,0
0,0,0,0,1,1,9,0,0
0,0,0,0,1,1,4,0,0
0,0,0,0,1,1,2,0,0
0,0,0,0,1,1,4,0,0
0,0,0,0,2,1,5,0,0
0,0,0,0,1,1,2,0,0
0,0,0,0,1,1,5,0,0
0,0,0,0,1,1,4,0,0
0,0,0,0,2,2,4,0,0
0,0,0,0,3,3,7,0,0
0,0,0,0,1,1,5,0,0
0,0,0,0,1,1,3,0,0
0,0,0,0,2,2,5,0,0
0,0,0,0,0,0,0,0,0
0,0,0,0,1,1,2,0,0
0,0,0,0,1,1,2,0,0
0,0,0,0,2,2,3,0,0
0,0,0,0,1,1,4,0,0
0,0,0,0,1,1,3,0,0
0,0,0,0,0,0,0,0,0
0,0,0,0,0,0,0,0,0
0,0,0,0,1,1,1,0,0
0,1,1,0,55,10,173,0,1
0,0,0,0,1,1,8,0,0
0,0,0,0,1,1,2,0,0
0,0,0,0,1,1,4,0,0
0,0,0,0,12,4,28,0,0
0,0,0,0,1,1,2,0,0
0,0,0,0,2,2,5,0,0
0,0,0,0,0,0,0,0,0
0,0,0,1,2,1,9,0,0
0,0,0,0,2,2,3,0,0
0,0,0,0,3,2,7,0,0
0,0,0,0,1,1,6,0,0
0,0,0,0,1,1,2,0,0
0,0,0,0,1,1,2,0,0
0,0,0,0,3,3,8,0,0
0,0,0,0,0,0,0,0,0
0,0,0,0,1,1,2,0,0
0,0,0,0,2,2,5,0,0
0,0,0,0,3,3,9,0,0
0,0,0,0,2,2,3,0,0
0,0,0,0,1,1,2,0,0
0,0,0,0,1,1,4,0,0
0,0,0,0,0,0,0,0,0
0,0,0,0,1,1,2,0,0
0,0,0,0,1,1,3,0,0
0,0,0,0,1,1,5,0,0
0,0,0,0,1,1,2,0,0
0,0,0,0,1,1,3,0,0
0,0,0,0,0,0,0,0,0
0,0,0,0,5,3,10,0,0
0,0,0,0,6,6,14,0,0
0,0,0,0,1,1,9,0,0
0,0,0,0,1,1,3,0,0
0,0,0,0,5,5,11,0,0
0,0,0,0,1,1,2,0,0
0,0,0,0,2,2,6,0,0
0,0,0,0,4,3,10,0,0
0,0,0,0,1,1,2,0,0
0,0,0,0,1,1,4,0,0
0,0,0,0,1,1,3,0,0
0,0,0,0,0,0,0,0,0
0,0,0,0,0,0,0,0,0
0,0,0,0,1,1,2,0,0
0,0,0,0,2,1,6,0,0
0,0,0,0,2,2,3,0,0
0,0,0,0,1,1,2,0,0
0,0,0,0,3,2,8,0,0
0,0,0,0,1,1,2,0,0
0,0,0,0,3,3,7,0,0
0,0,0,0,0,0,0,0,0
0,0,0,0,1,1,2,0,0
0,0,0,0,0,0,0,0,0
0,0,0,0,1,1,1,0,0
0,0,0,0,0,0,0,0,0
0,0,0,0,1,1,2,0,0
0,0,0,0,2,2,8,0,0
0,0,0,0,2,1,5,0,0
0,0,0,0,1,1,2,0,0
0,0,0,0,0,0,0,0,0
0,0,0,0,0,0,0,0,0
0,0,0,0,0,0,0,0,0
0,0,0,0,0,0,0,0,0
0,0,0,0,2,2,5,0,0
0,0,0,0,2,2,8,0,0
0,0,0,0,3,3,7,0,0
0,0,0,0,1,1,2,0,0
0,0,0,0,2,2,5,0,0
0,0,0,0,0,0,0,0,0
0,0,0,0,1,1,4,0,0
0,0,0,0,0,0,0,0,0
0,0,0,0,4,3,10,0,0
0,0,0,0,2,2,11,0,0
0,0,0,0,0,0,0,0,0
0,0,0,0,1,1,2,0,0
0,0,0,0,1,1,1,0,0
0,0,0,0,0,0,0,0,0
0,0,0,0,2,1,2,0,0
0,0,0,0,5,5,12,0,0
0,0,0,0,1,1,4,0,0
0,0,0,0,0,0,0,0,0
0,0,0,0,4,4,10,0,0
0,0,0,0,1,1,2,0,0
0,0,0,0,1,1,4,0,0
0,0,0,0,1,1,8,0,0
0,0,0,0,2,2,3,0,0
0,0,0,0,1,1,1,0,0
0,0,0,0,3,3,9,0,0
0,0,0,0,1,1,4,0,0
0,0,0,0,1,1,5,0,0
0,0,0,0,1,1,4,0,0
0,0,0,0,3,1,12,0,0
0,0,0,0,3,3,13,0,0
0,1,1,1,112,46,297,0,0
0,0,0,0,1,1,4,0,0
0,0,0,0,1,1,2,0,0
0,0,0,0,0,0,0,0,0
0,0,0,0,0,0,0,0,0
0,0,0,0,2,2,6,0,0
0,0,0,0,0,0,0,0,0
0,1,1,1,12,6,33,0,0
0,0,0,0,4,2,10,0,0
0,0,0,0,0,0,0,0,0
0,0,0,0,1,1,2,0,0
0,0,0,0,0,0,0,0,0
0,0,0,0,1,1,4,0,0
0,0,0,0,0,0,0,0,0
0,1,1,1,93,38,254,0,0
0,0,0,0,1,1,4,0,0
0,0,0,0,0,0,0,0,0
0,0,0,0,1,1,1,0,0
0,0,0,0,1,1,2,0,0
0,0,0,0,1,1,2,0,0
0,0,0,0,2,2,11,0,0
0,0,0,0,1,1,4,0,0
0,0,0,0,0,0,0,0,0
0,1,1,1,103,48,283,0,0
0,0,0,0,0,0,0,0,0
0,0,0,0,1,1,9,0,0
0,0,0,0,0,0,0,0,0
0,0,0,0,1,1,2,0,0
0,0,0,0,3,3,7,0,0
0,0,0,0,1,1,4,0,0
0,0,0,0,3,3,8,0,0
0,0,0,0,1,1,2,0,0
0,0,0,0,1,1,2,0,0
0,0,0,0,0,0,0,0,0
0,0,0,0,5,4,18,0,0
0,0,0,0,1,1,2,0,0
0,0,0,0,3,3,12,0,0
0,0,0,0,1,1,2,0,0
0,0,0,0,1,1,9,0,0
0,0,0,0,1,1,2,0,0
0,0,0,0,3,3,4,0,0
0,0,0,0,1,1,3,0,0
0,0,0,0,1,1,2,0,0
0,0,0,0,0,0,0,0,0
0,0,0,0,1,1,2,0,0
0,0,0,0,0,0,0,0,0
0,0,0,0,2,2,6,0,0
0,0,0,0,2,1,11,0,0
0,0,0,0,0,0,0,0,0
0,0,0,0,1,1,3,0,0
0,0,0,0,1,1,6,0,0
0,0,0,0,2,2,7,0,0
0,0,0,0,4,4,9,0,0
0,0,0,0,4,4,8,0,0
0,0,0,0,1,1,4,0,0
0,0,0,0,1,1,5,0,0
0,0,0,0,41,2,82,0,0
0,0,0,0,2,2,2,0,0
0,0,0,0,3,3,8,0,0
0,0,0,0,2,2,8,0,0
0,0,0,0,1,1,11,0,0
0,0,0,0,2,2,5,0,0
0,0,0,0,2,2,5,0,0
0,0,0,0,1,1,4,0,0
0,0,0,0,1,1,2,0,0
0,0,0,0,2,2,12,0,0
0,0,0,0,0,0,0,0,0
0,0,0,0,1,1,5,0,0
0,0,0,0,1,1,4,0,0
0,0,0,0,1,1,2,0,0
0,0,0,0,2,2,6,0,0
0,0,0,0,2,2,9,0,0
0,0,0,0,0,0,0,0,0
0,0,0,0,3,3,6,0,0
0,0,0,0,1,1,4,0,0
0,0,0,0,0,0,0,0,0
0,0,0,0,4,2,10,0,0
0,0,0,0,0,0,0,0,0
0,0,0,0,2,2,4,0,0
0,0,0,0,2,2,10,0,0
0,0,0,0,0,0,0,0,0
0,0,0,0,1,1,2,0,0
0,0,0,0,0,0,0,0,0
0,0,0,0,2,2,7,0,0
0,0,0,0,1,1,8,0,0
0,0,0,0,1,1,4,0,0
0,0,0,0,0,0,0,0,0
0,0,0,0,1,1,2,0,0
0,0,0,0,1,1,2,0,0
0,0,0,0,4,3,7,0,0
0,0,0,0,1,1,2,0,0
0,0,0,0,1,1,2,0,0
0,0,0,0,1,1,1,0,0
0,0,0,0,2,2,7,0,0
0,0,0,0,1,1,2,0,0
0,0,0,0,3,3,6,0,0
0,0,0,0,0,0,0,0,0
0,0,0,0,0,0,0,0,0
0,0,0,0,3,3,7,0,0
0,0,0,0,2,2,5,0,0
0,0,0,0,1,1,2,0,0
0,0,0,0,0,0,0,0,0
0,0,0,0,1,1,7,0,0
0,1,1,1,102,48,274,0,0
0,0,0,0,0,0,0,0,0
0,0,0,0,1,1,2,0,0
0,0,0,0,2,2,3,0,0
0,0,0,0,1,1,2,0,0
0,0,0,0,1,1,2,0,0
0,0,0,0,0,0,0,0,0
0,0,0,0,1,1,6,0,0
0,0,0,0,0,0,0,0,0
0,0,0,0,1,1,4,0,0
0,0,0,0,2,1,7,0,0
0,0,0,0,0,0,0,0,0
0,0,0,0,1,1,1,0,0
0,0,0,0,0,0,0,0,0
0,0,0,0,0,0,0,0,0
0,0,0,0,0,0,0,0,0
0,0,0,0,1,1,4,0,0
0,0,0,0,0,0,0,0,0
0,0,0,0,20,4,105,0,0
0,0,0,0,1,1,5,0,0
0,0,0,0,3,3,8,0,0
0,0,0,0,0,0,0,0,0
0,0,0,0,0,0,0,0,0
0,0,0,0,0,0,0,0,0
0,0,0,0,0,0,0,0,0
0,0,0,0,2,2,7,0,0
0,0,0,0,1,1,5,0,0
0,0,0,0,0,0,0,0,0
0,0,0,0,0,0,0,0,0
0,0,0,0,1,1,4,0,0
0,0,0,0,0,0,0,0,0
0,0,0,0,1,1,3,0,0
0,0,0,0,0,0,0,0,0
0,0,0,0,1,1,5,0,0
0,0,0,0,1,1,2,0,0
0,0,0,0,2,2,3,0,0
0,0,0,0,4,4,14,0,0
0,0,0,0,6,1,17,0,0
0,0,0,0,2,2,3,0,0
0,0,0,0,1,1,2,0,0
0,0,0,0,0,0,0,0,0
0,0,0,0,0,0,0,0,0
0,0,0,0,1,1,1,0,0
0,0,0,0,2,2,3,0,0
0,0,0,0,2,2,3,0,0
0,1,1,1,83,11,209,0,1
0,0,0,0,2,2,4,0,0
0,0,0,0,1,1,5,0,0
0,0,0,0,1,1,4,0,0
0,0,0,0,1,1,1,0,0
0,0,0,0,0,0,0,0,0
0,0,0,0,0,0,0,0,0
0,0,0,0,1,1,2,0,0
0,0,0,0,0,0,0,0,0
0,0,0,0,1,1,7,0,0
0,0,0,0,1,1,2,0,0
0,0,0,0,1,1,2,0,0
0,0,0,0,1,1,3,0,0
0,0,0,0,1,1,1,0,0
0,1,1,1,24,6,56,0,0
0,0,0,0,0,0,0,0,0
0,0,0,0,3,3,6,0,0
0,0,0,0,10,9,26,0,0
0,0,0,0,1,1,2,0,0
0,0,0,0,3,3,6,0,0
0,0,0,0,2,2,3,0,0
0,0,0,0,3,3,14,0,0
0,0,0,0,0,0,0,0,0
0,0,0,0,0,0,0,0,0
0,0,0,0,2,2,7,0,0
0,0,0,0,0,0,0,0,0
0,0,0,0,2,2,6,0,0
0,0,0,0,2,2,8,0,0
0,0,0,0,2,2,8,0,0
0,0,0,0,1,1,3,0,0
0,0,0,0,0,0,0,0,0
0,0,0,0,0,0,0,0,0
0,0,0,0,1,1,4,0,0
0,0,0,0,1,1,2,0,0
0,0,0,0,4,3,8,0,0
0,0,0,0,1,1,2,0,0
0,0,0,0,2,1,5,0,0
0,0,0,0,1,1,2,0,0
0,0,0,0,1,1,2,0,0
0,1,1,0,94,11,253,0,0
0,0,0,0,4,2,10,0,0
0,0,0,0,1,1,5,0,0
0,0,0,0,4,4,11,0,0
0,1,1,1,82,8,194,0,1
0,0,0,0,1,1,3,0,0
0,0,0,0,1,1,2,0,0
0,0,0,0,2,2,11,0,0
0,0,0,0,4,4,8,0,0
0,0,0,0,1,1,6,0,0
0,0,0,0,3,3,8,0,0
0,0,0,0,1,1,6,0,0
0,0,0,0,2,2,5,0,0
0,0,0,0,1,1,9,0,0
0,0,0,0,2,2,4,0,0
0,0,0,0,0,0,0,0,0
0,0,0,0,1,1,2,0,0
0,0,0,0,0,0,0,0,0
0,0,0,0,4,4,12,0,0
0,0,0,0,1,1,2,0,0
0,0,0,0,2,2,5,0,0
0,0,0,0,1,1,2,0,0
0,0,0,0,1,1,9,0,0
0,0,0,0,2,2,5,0,0
0,0,0,0,3,2,7,0,0
0,0,0,0,1,1,4,0,0
0,0,0,0,3,3,9,0,0
0,0,0,0,0,0,0,0,0
0,0,0,0,1,1,4,0,0
0,0,0,0,1,1,2,0,0
0,0,0,0,1,1,9,0,0
0,0,0,0,1,1,2,0,0
0,0,0,0,1,1,4,0,0
0,0,0,0,0,0,0,0,0
0,0,0,0,1,1,2,0,0
0,0,0,0,19,6,37,0,0
0,0,0,0,3,3,6,0,0
0,0,0,0,2,1,4,0,0
0,0,0,0,1,1,8,0,0
0,0,0,0,1,1,4,0,0
0,0,0,0,2,2,7,0,0
0,0,0,0,0,0,0,0,0
0,0,0,0,1,1,2,0,0
0,0,0,0,2,2,4,0,0
0,1,1,1,42,10,113,0,0
0,0,0,0,6,5,20,0,0
0,0,0,0,2,2,4,0,0
0,0,0,0,1,1,2,0,0
0,0,0,0,2,2,5,0,0
0,0,0,0,0,0,0,0,0
0,0,0,0,1,1,8,0,0
0,0,0,0,0,0,0,0,0
0,0,0,0,0,0,0,0,0
0,0,0,0,1,1,5,0,0
0,0,0,0,1,1,5,0,0
0,0,0,0,0,0,0,0,0
0,0,0,0,3,3,5,0,0
0,0,0,0,3,3,9,0,0
0,0,0,0,2,2,4,0,0
0,0,0,0,4,4,14,0,0
0,0,0,0,4,4,11,0,0
0,0,0,0,3,3,15,0,0
0,0,0,0,0,0,0,0,0
0,0,0,0,0,0,0,0,0
0,0,0,0,2,2,6,0,0
0,0,0,0,4,4,8,0,0
0,0,0,0,0,0,0,0,0
0,0,0,0,0,0,0,0,0
0,0,0,0,0,0,0,0,0
0,0,0,0,1,1,5,0,0
0,0,0,0,2,2,4,0,0
0,0,0,0,0,0,0,0,0
0,0,0,0,1,1,3,0,0
0,0,0,0,1,1,6,0,0
0,0,0,0,1,1,2,0,0
0,0,0,0,0,0,0,0,0
0,0,0,0,2,2,3,0,0
0,0,0,0,1,1,2,0,0
0,0,0,0,1,1,2,0,0
0,0,0,0,0,0,0,0,0
0,0,0,0,1,1,5,0,0
0,0,0,0,0,0,0,0,0
0,0,0,0,2,1,13,0,0
0,0,0,0,2,2,5,0,0
0,0,0,0,1,1,2,0,0
0,0,0,0,1,1,2,0,0
0,0,0,0,2,2,5,0,0
0,0,0,0,3,3,13,0,0
0,0,0,0,3,3,28,0,0
0,0,0,0,0,0,0,0,0
0,0,0,0,0,0,0,0,0
0,0,0,0,0,0,0,0,0
0,0,0,0,2,2,5,0,0
0,0,0,0,1,1,2,0,0
0,0,0,0,1,1,2,0,0
0,0,0,0,1,1,4,0,0
0,0,0,0,1,1,4,0,0
0,0,0,0,2,2,3,1,0
0,0,0,0,3,3,6,0,0
0,0,0,0,1,1,3,0,0
0,0,0,0,1,1,1,0,0
0,0,0,0,0,0,0,0,0
0,0,0,0,1,1,4,0,0
0,0,0,0,1,1,2,0,0
0,0,0,0,1,1,4,0,0
0,0,0,0,2,1,6,0,0
0,0,0,0,1,1,5,0,0
0,0,0,0,0,0,0,0,0
0,0,0,0,1,1,2,0,0
0,0,0,0,0,0,0,0,0
0,0,0,0,2,2,6,0,0
0,0,0,0,1,1,9,0,0
0,0,0,0,2,1,7,0,0
0,0,0,0,3,2,6,0,0
0,0,0,0,2,2,5,0,0
0,0,0,0,2,2,9,0,0
0,0,0,0,1,1,2,0,0
0,0,0,0,2,2,5,0,0
0,0,0,0,3,3,5,0,0
0,0,0,0,1,1,2,0,0
0,0,0,0,2,2,12,0,0
0,0,0,0,1,1,2,0,0
0,0,0,0,2,2,5,0,0
0,0,0,0,1,1,1,0,0
0,0,0,0,0,0,0,0,0
0,0,0,0,1,1,2,0,0
0,0,0,0,2,2,5,0,0
0,0,0,0,1,1,2,0,0
0,0,0,0,2,2,5,0,0
0,0,0,0,1,1,2,0,0
0,0,0,0,2,1,5,0,0
0,0,0,0,1,1,2,0,0
0,0,0,0,1,1,6,0,0
0,0,0,0,4,3,6,0,0
0,0,0,0,0,0,0,0,0
0,0,0,0,0,0,0,0,0
0,0,0,0,0,0,0,0,0
0,0,0,0,1,1,2,0,0
0,0,0,0,2,2,5,0,0
0,0,0,0,5,2,16,0,0
0,0,0,0,3,3,8,0,0
0,0,0,0,2,2,6,0,0
0,0,0,0,1,1,4,0,0
0,0,0,0,1,1,5,0,0
0,0,0,0,4,4,13,0,0
0,0,0,0,3,2,8,0,0
0,0,0,0,2,1,6,0,0
0,0,0,0,1,1,4,0,0
0,0,0,0,2,2,7,0,0
0,0,0,0,4,2,12,0,0
0,0,0,0,4,4,12,0,0
0,0,0,0,2,2,6,0,0
0,0,0,0,1,1,2,0,0
0,0,0,0,2,2,6,0,0
0,0,0,0,1,1,2,0,0
0,0,0,0,19,7,32,0,0
0,1,1,1,96,40,256,0,0
0,0,0,0,2,2,5,0,0
0,0,0,0,1,1,4,0,0
0,0,0,0,1,1,5,0,0
0,0,0,0,1,1,4,0,0
0,0,0,0,1,1,2,0,0
0,0,0,0,6,4,15,0,0
0,0,0,0,2,2,4,0,0
0,0,0,0,1,1,4,0,0
0,0,0,0,0,0,0,0,0
0,0,0,0,1,1,1,0,0
0,0,0,0,2,2,6,0,0
0,0,0,0,0,0,0,0,0
0,0,0,0,5,4,9,0,0
0,0,0,0,4,4,10,0,0
0,0,0,0,2,2,3,0,0
0,0,0,0,2,2,6,0,0
0,0,0,0,2,2,6,0,0
0,0,0,0,0,0,0,0,0
0,0,0,0,1,1,2,0,0
0,0,0,0,0,0,0,0,0
0,0,0,0,1,1,5,0,0
0,0,0,0,1,1,1,0,0
0,0,0,0,0,0,0,0,0
0,0,0,0,1,1,4,0,0
0,0,0,0,1,1,2,0,0
0,0,0,0,2,2,6,0,0
0,0,0,0,1,1,4,0,0
0,0,0,0,1,1,2,0,0
0,0,0,0,0,0,0,0,0
0,0,0,0,0,0,0,0,0
0,0,0,0,1,1,2,0,0
0,0,0,0,1,1,5,0,0
0,0,0,0,2,2,5,0,0
0,0,0,0,0,0,0,0,0
0,0,0,0,1,1,2,0,0
0,0,0,0,3,2,7,0,0
0,0,0,0,0,0,0,0,0
0,0,0,0,2,2,3,0,0
0,0,0,0,1,1,2,0,0
0,0,0,0,1,1,1,0,0
0,0,0,0,4,4,14,0,0
0,0,0,0,1,1,6,0,0
0,0,0,0,2,2,12,0,0
0,0,0,0,0,0,0,0,0
0,0,0,0,2,2,3,0,0
0,0,0,0,2,2,3,1,0
0,0,0,0,1,1,2,0,0
0,0,0,0,1,1,2,0,0
0,0,0,0,2,2,4,0,0
0,0,0,0,1,1,2,0,0
0,0,0,0,1,1,9,0,0
0,0,0,0,1,1,8,0,0
0,0,0,0,0,0,0,0,0
0,0,0,0,0,0,0,0,0
0,0,0,0,1,1,1,0,0
0,0,0,0,4,3,8,0,0
0,1,1,1,82,8,187,0,1
0,0,0,0,2,2,3,0,0
0,0,0,0,1,1,2,0,0
0,0,0,0,2,1,7,0,0
0,0,0,0,0,0,0,0,0
0,0,0,0,1,1,2,0,0
0,0,0,0,1,1,5,0,0
0,0,0,0,0,0,0,0,0
0,0,0,0,1,1,4,0,0
0,0,0,0,4,4,14,0,0
0,0,0,0,1,1,3,0,0
0,0,0,0,1,1,3,0,0
0,0,0,0,1,1,1,0,0
0,0,0,0,0,0,0,0,0
0,0,0,0,2,2,3,0,0
0,0,0,0,1,1,2,0,0
0,0,0,0,6,5,13,0,0
0,0,0,0,1,1,4,0,0
0,0,0,0,2,2,5,0,0
0,0,0,0,2,2,6,0,0
0,0,0,0,1,1,2,0,0
0,0,0,0,0,0,0,0,0
0,0,0,0,2,2,6,0,0
0,0,0,0,1,1,6,0,0
0,0,0,0,5,4,8,0,0
0,0,0,0,0,0,0,0,0
0,0,0,0,21,4,96,0,0
0,0,0,0,1,1,2,0,0
0,0,0,0,2,2,10,0,0
0,0,0,0,2,2,5,0,0
0,0,0,0,0,0,0,0,0
0,0,0,0,2,2,5,0,0
0,0,0,0,2,2,6,0,0
0,0,0,0,5,5,10,0,0
0,0,0,0,0,0,0,0,0
0,0,0,0,5,4,18,0,0
0,0,0,0,0,0,0,0,0
0,0,0,0,2,2,3,0,0
0,0,0,0,1,1,6,0,0
0,0,0,0,1,1,3,0,0
0,0,0,0,2,2,6,0,0
0,0,0,0,1,1,2,0,0
0,0,0,0,1,1,2,0,0
0,0,0,0,0,0,0,0,0
0,0,0,0,2,2,11,0,0
0,0,0,0,1,1,2,0,0
0,0,0,0,1,1,2,0,0
0,0,0,0,2,2,6,0,0
0,0,0,0,1,1,2,0,0
0,0,0,0,3,3,5,0,0
0,0,0,0,1,1,9,0,0
0,0,0,0,1,1,2,0,0
0,0,0,0,2,2,3,1,0
0,1,1,0,84,11,209,0,1
0,0,0,0,1,1,4,0,0
0,0,0,0,0,0,0,0,0
0,0,0,0,2,2,12,0,0
0,0,0,0,1,1,3,0,0
0,0,0,0,0,0,0,0,0
0,0,0,0,1,1,2,0,0
0,0,0,0,0,0,0,0,0
0,0,0,0,2,1,8,0,0
0,0,0,0,7,1,20,0,0
0,0,0,0,3,3,10,0,0
0,0,0,0,0,0,0,0,0
0,0,0,0,1,1,2,0,0
0,0,0,0,0,0,0,0,0
0,0,0,0,1,1,4,0,0
0,0,0,0,4,4,15,0,0
0,0,0,0,4,2,6,0,0
0,0,0,0,0,0,0,0,0
0,0,0,0,2,2,6,0,0
0,0,0,0,1,1,4,0,0
0,0,0,0,1,1,4,0,0
0,0,0,0,0,0,0,0,0
0,0,0,0,1,1,2,0,0
0,0,0,0,1,1,3,0,0
0,0,0,0,6,2,21,0,0
0,0,0,0,1,1,4,0,0
0,0,0,0,1,1,4,0,0
0,0,0,0,4,4,10,0,0
0,0,0,0,2,2,7,0,0
0,0,0,0,0,0,0,0,0
0,0,0,0,0,0,0,0,0
0,0,0,0,1,1,2,0,0
0,0,0,0,1,1,2,0,0
0,0,0,0,2,2,4,0,0
0,0,0,0,0,0,0,0,0
0,0,0,0,8,7,22,0,0
0,0,0,0,6,3,17,0,0
0,0,0,0,2,2,4,0,0
0,0,0,0,1,1,4,0,0
0,0,0,0,1,1,2,0,0
0,0,0,0,1,1,2,0,0
0,0,0,0,1,1,2,0,0
0,0,0,0,1,1,4,0,0
0,0,0,0,0,0,0,0,0
0,0,0,0,1,1,2,0,0
0,0,0,0,2,2,7,0,0
0,0,0,0,3,2,6,0,0
0,0,0,0,1,1,4,0,0
0,0,0,0,2,2,3,0,0
0,0,0,0,2,2,4,0,0
0,0,0,0,2,2,4,0,0
0,0,0,0,2,2,3,1,0
0,0,0,0,1,1,4,0,0
0,0,0,0,1,1,4,0,0
0,0,0,0,4,3,9,0,0
0,0,0,0,0,0,0,0,0
0,0,0,0,3,3,7,0,0
0,0,0,0,1,1,2,0,0
0,0,0,0,4,4,8,0,0
0,0,0,0,3,2,10,0,0
0,0,0,0,3,3,6,0,0
0,0,0,0,1,1,4,0,0
0,0,0,0,5,2,15,0,0
0,0,0,0,1,1,4,0,0
0,0,0,0,2,2,5,0,0
0,0,0,0,0,0,0,0,0
0,0,0,0,0,0,0,0,0
0,0,0,0,3,3,5,0,0
0,0,0,0,2,1,4,0,0
0,0,0,0,3,2,11,0,0
0,0,0,0,3,2,10,0,0
0,0,0,0,1,1,2,0,0
0,0,0,0,0,0,0,0,0
0,0,0,0,1,1,9,0,0
0,0,0,0,1,1,1,0,0
0,0,0,0,2,2,3,0,0
0,0,0,0,1,1,6,0,0
0,0,0,0,2,2,5,0,0
0,0,0,0,1,1,2,0,0
0,0,0,0,1,1,2,0,0
0,0,0,0,5,4,18,0,0
0,0,0,0,1,1,4,0,0
0,0,0,0,0,0,0,0,0
0,0,0,0,1,1,3,0,0
0,0,0,0,1,1,2,0,0
0,0,0,0,1,1,2,0,0
0,0,0,0,1,1,4,0,0
0,0,0,0,0,0,0,0,0
0,0,0,0,2,2,3,0,0
0,0,0,0,2,2,7,0,0
0,0,0,0,1,1,2,0,0
0,0,0,0,1,1,3,0,0
0,0,0,0,2,2,5,0,0
0,0,0,0,1,1,5,0,0
0,0,0,0,0,0,0,0,0
0,0,0,0,0,0,0,0,0
0,0,0,0,4,4,11,0,0
0,0,0,0,1,1,2,0,0
0,0,0,0,3,2,10,0,0
0,0,0,0,3,3,7,0,0
0,0,0,0,1,1,3,0,0
0,0,0,0,5,3,7,0,0
0,0,0,0,2,1,5,0,0
0,0,0,0,2,2,5,0,0
0,0,0,0,1,1,4,0,0
0,0,0,0,1,1,2,0,0
0,0,0,0,1,1,6,0,0
0,0,0,0,3,3,7,0,0
0,0,0,0,1,1,3,0,0
0,0,0,0,1,1,6,0,0
0,0,0,0,0,0,0,0,0
0,1,1,1,77,6,171,0,1
0,0,0,0,0,0,0,0,0
0,0,0,0,2,2,9,0,0
0,0,0,0,0,0,0,0,0
0,0,0,0,3,3,13,0,0
0,0,0,0,2,1,4,0,0
0,0,0,0,2,2,8,0,0
0,0,0,0,1,1,2,0,0
0,0,0,0,0,0,0,0,0
0,0,0,0,0,0,0,0,0
0,0,0,0,4,4,9,0,0
0,0,0,0,0,0,0,0,0
0,0,0,0,1,1,4,0,0
0,0,0,0,2,2,3,0,0
0,0,0,0,1,1,1,0,0
0,0,0,0,5,3,16,0,0
0,0,0,0,0,0,0,0,0
0,0,0,0,0,0,0,0,0
0,0,0,0,2,2,4,0,0
0,0,0,0,0,0,0,0,0
0,0,0,0,0,0,0,0,0
0,0,0,0,1,1,9,0,0
0,0,0,0,2,2,5,0,0
0,0,0,0,1,1,4,0,0
0,0,0,0,1,1,4,0,0
0,0,0,0,0,0,0,0,0
0,0,0,0,1,1,3,0,0
0,0,0,0,0,0,0,0,0
0,0,0,0,1,1,5,0,0
0,0,0,0,0,0,0,0,0
0,0,0,0,5,3,7,0,0
0,0,0,0,1,1,4,0,0
0,0,0,0,0,0,0,0,0
0,0,0,0,9,7,18,0,1
0,0,0,0,0,0,0,0,0
0,0,0,0,0,0,0,0,0
0,0,0,0,1,1,9,0,0
0,0,0,0,1,1,2,0,0
0,0,0,0,1,1,2,0,0
0,0,0,0,1,1,5,0,0
0,0,0,0,0,0,0,0,0
0,0,0,0,3,3,7,0,0
0,0,0,0,1,1,1,0,0
0,0,0,0,2,2,3,0,0
0,0,0,0,1,1,1,0,0
0,0,0,0,0,0,0,0,0
0,0,0,0,2,2,4,0,0
0,0,0,0,0,0,0,0,0
0,0,0,0,1,1,2,0,0
0,0,0,0,1,1,4,0,0
0,0,0,0,0,0,0,0,0
0,0,0,0,1,1,5,0,0
0,0,0,0,1,1,2,0,0
0,0,0,0,2,2,3,0,0
0,0,0,0,1,1,2,0,0
0,0,0,0,1,1,2,0,0
0,0,0,0,1,1,1,0,0
0,0,0,0,1,1,2,0,0
0,0,0,0,1,1,7,0,0
0,0,0,0,0,0,0,0,0
0,0,0,0,1,1,1,0,0
0,0,0,0,1,1,2,0,0
0,1,1,0,55,10,172,0,1
0,0,0,0,1,1,2,0,0
0,0,0,0,1,1,4,0,0
0,0,0,0,0,0,0,0,0
0,0,0,0,2,2,4,0,0
0,0,0,0,1,1,2,0,0
0,0,0,0,2,2,5,0,0
0,0,0,0,2,2,8,0,0
0,0,0,0,1,1,2,0,0
0,0,0,0,3,3,7,0,0
0,0,0,0,2,2,6,0,0
0,0,0,0,1,1,5,0,0
0,0,0,0,0,0,0,0,0
0,0,0,0,1,1,2,0,0
0,0,0,0,1,1,4,0,0
0,0,0,0,2,2,7,0,0
0,0,0,0,0,0,0,0,0
0,0,0,0,1,1,7,0,0
0,0,0,0,2,1,4,0,0
0,0,0,0,4,4,5,0,0
0,0,0,0,1,1,6,0,0
0,0,0,0,5,5,12,0,0
0,0,0,0,1,1,4,0,0
0,0,0,0,1,1,2,0,0
0,0,0,0,1,1,2,0,0
0,0,0,0,1,1,5,0,0
0,0,0,0,1,1,4,0,0
0,0,0,0,2,2,4,0,0
0,0,0,0,0,0,0,0,0
0,0,0,0,1,1,1,0,0
0,0,0,0,1,1,3,0,0
0,0,0,0,0,0,0,0,0
0,0,0,0,1,1,1,0,0
0,0,0,0,2,2,3,0,0
0,0,0,0,1,1,2,0,0
0,0,0,0,1,1,2,0,0
0,0,0,0,3,2,6,0,0
0,0,0,0,2,2,5,0,0
0,0,0,0,1,1,2,0,0
0,0,0,0,1,1,2,0,0
0,0,0,0,2,1,5,0,0
0,0,0,0,2,2,11,0,0
0,0,0,0,0,0,0,0,0
0,0,0,0,0,0,0,0,0
0,0,0,0,1,1,2,0,0
0,0,0,0,3,3,7,0,0
0,0,0,0,2,2,5,0,0
0,0,0,0,1,1,2,0,0
0,0,0,0,2,2,11,0,0
0,0,0,0,0,0,0,0,0
0,0,0,0,2,2,5,0,0
0,0,0,0,0,0,0,0,0
0,0,0,0,2,2,4,0,0
0,0,0,0,3,3,6,0,0
0,0,0,0,0,0,0,0,0
0,0,0,0,1,1,4,0,0
0,0,0,0,0,0,0,0,0
0,0,0,0,3,3,9,0,0
0,0,0,0,1,1,2,0,0
0,0,0,0,0,0,0,0,0
0,0,0,0,2,2,3,0,0
0,0,0,0,2,2,5,0,0
0,0,0,0,1,1,3,0,0
0,0,0,0,2,2,6,0,0
0,0,0,0,1,1,2,0,0
0,0,0,0,1,1,3,0,0
0,0,0,0,1,1,4,0,0
0,0,0,0,0,0,0,0,0
0,0,0,0,1,1,2,0,0
0,0,0,0,4,4,15,0,0
0,0,0,0,1,1,2,0,0
0,0,0,0,3,3,5,0,0
0,0,0,0,1,1,2,0,0
0,0,0,0,1,1,2,0,0
0,0,0,0,2,2,4,0,0
0,0,0,0,0,0,0,0,0
0,0,0,0,2,2,5,0,0
0,0,0,0,4,3,7,0,0
0,0,0,0,1,1,9,0,0
0,0,0,0,2,2,4,0,0
0,0,0,0,4,1,11,0,0
0,0,0,0,1,1,2,0,0
0,0,0,0,4,2,8,0,0
0,0,0,0,0,0,0,0,0
0,0,0,0,3,3,7,0,0
0,0,0,0,0,0,0,0,0
0,0,0,0,1,1,2,0,0
0,0,0,0,4,4,13,0,0
0,0,0,0,1,1,6,0,0
0,0,0,0,2,2,3,0,0
0,0,0,0,1,1,2,0,0
0,0,0,0,4,3,10,0,0
0,0,0,0,0,0,0,0,0
0,0,0,0,2,2,6,0,0
0,0,0,0,2,2,4,0,0
0,0,0,0,2,2,7,0,0
0,0,0,0,4,4,13,0,0
0,0,0,0,1,1,2,0,0
0,0,0,0,2,2,3,0,0
0,0,0,0,1,1,4,0,0
0,0,0,0,2,2,3,0,0
0,0,0,0,2,2,7,0,0
0,0,0,0,1,1,2,0,0
0,0,0,0,1,1,5,0,0
0,0,0,0,2,2,6,0,0
0,0,0,0,1,1,2,0,0
0,0,0,0,51,40,144,0,0
0,0,0,0,2,2,12,0,0
0,0,0,0,2,2,9,0,0
0,0,0,0,1,1,2,0,0
0,0,0,0,5,5,14,0,0
0,0,0,0,2,2,5,0,0
0,0,0,0,0,0,0,0,0
0,0,0,0,7,6,83,0,0
0,0,0,0,1,1,3,0,0
0,0,0,0,2,2,3,0,0
0,0,0,0,0,0,0,0,0
0,0,0,0,1,1,7,0,0
0,0,0,0,3,2,7,0,0
0,0,0,0,2,2,6,0,0
0,0,0,0,0,0,0,0,0
0,0,0,0,0,0,0,0,0
0,0,0,0,1,1,2,0,0
0,0,0,0,0,0,0,0,0
0,0,0,0,3,3,8,0,0
0,0,0,0,5,4,10,0,0
0,0,0,0,0,0,0,0,0
0,0,0,0,2,2,5,0,0
0,0,0,0,1,1,6,0,0
0,0,0,0,0,0,0,0,0
0,0,0,0,3,3,10,0,0
0,0,0,0,1,1,2,0,0
0,0,0,0,3,1,8,0,0
0,0,0,0,1,1,4,0,0
0,0,0,0,2,1,4,0,0
0,0,0,0,2,2,5,0,0
0,0,0,0,1,1,4,0,0
0,0,0,0,4,2,12,0,0
0,0,0,0,1,1,2,0,0
0,0,0,0,1,1,4,0,0
0,0,0,0,5,5,13,0,0
0,0,0,0,22,5,44,0,0
0,0,0,0,1,1,2,0,0
0,0,0,0,5,3,13,0,0
0,0,0,0,6,4,19,0,0
0,0,0,0,1,1,2,0,0
0,0,0,0,5,5,12,0,0
0,0,0,0,1,1,4,0,0
0,0,0,0,0,0,0,0,0
0,0,0,0,3,2,8,0,0
0,0,0,0,1,1,4,0,0
0,0,0,0,0,0,0,0,0
0,0,0,0,1,1,9,0,0
0,0,0,0,2,2,6,0,0
0,0,0,0,1,1,4,0,0
0,0,0,0,1,1,2,0,0
0,0,0,0,1,1,3,0,0
0,0,0,0,10,4,27,0,0
0,0,0,0,1,1,4,0,0
0,0,0,0,1,1,4,0,0
0,0,0,0,7,7,23,0,0
0,0,0,0,1,1,2,0,0
0,0,0,0,1,1,2,0,0
0,0,0,0,2,2,8,0,0
0,0,0,0,2,2,11,0,0
0,0,0,0,3,3,6,0,0
0,0,0,0,1,1,2,0,0
0,0,0,0,1,1,2,0,0
0,0,0,0,1,1,2,0,0
0,0,0,0,0,0,0,0,0
0,0,0,0,2,2,5,0,0
0,0,0,0,1,1,2,0,0
0,0,0,0,1,1,9,0,0
0,0,0,0,1,1,2,0,0
0,0,0,0,1,1,4,0,0
0,0,0,0,0,0,0,0,0
0,0,0,0,2,1,7,0,0
0,0,0,0,1,1,2,0,0
0,0,0,0,0,0,0,0,0
0,0,0,0,3,3,11,0,0
0,0,0,0,2,2,11,0,0
0,0,0,0,1,1,4,0,0
0,0,0,0,1,1,4,0,0
0,0,0,0,0,0,0,0,0
0,0,0,0,1,1,4,0,0
0,0,0,0,0,0,0,0,0
0,0,0,0,2,1,5,0,0
0,0,0,0,1,1,2,0,0
0,0,0,0,2,2,12,0,0
0,0,0,0,1,1,2,0,0
0,0,0,0,0,0,0,0,0
0,0,0,0,3,3,8,0,0
0,0,0,0,1,1,9,0,0
0,0,0,0,0,0,0,0,0
0,0,0,0,1,1,1,0,0
0,0,0,0,1,1,6,0,0
0,0,0,0,3,3,8,0,0
0,0,0,0,1,1,3,0,0
0,0,0,0,0,0,0,0,0
0,0,0,0,1,1,7,0,0
0,0,0,0,3,3,9,0,0
0,0,0,0,0,0,0,0,0
0,0,0,0,0,0,0,0,0
0,0,0,0,1,1,9,0,0
0,0,0,0,1,1,2,0,0
0,0,0,0,1,1,3,0,0
0,0,0,0,3,3,6,0,0
0,0,0,0,3,2,5,0,0
0,0,0,0,1,1,4,0,0
0,0,0,0,2,2,6,0,0
0,0,0,0,2,2,6,0,0
0,0,0,0,2,2,5,0,0
0,0,0,0,1,1,9,0,0
0,0,0,0,18,7,47,0,0
0,0,0,0,3,2,4,0,0
0,0,0,0,0,0,0,0,0
0,0,0,0,2,2,8,0,0
0,0,0,0,0,0,0,0,0
0,0,0,0,2,2,3,0,0
0,0,0,0,4,3,13,0,0
0,0,0,0,2,2,4,0,0
0,0,0,0,1,1,2,0,0
0,0,0,0,1,1,2,0,0
0,0,0,0,1,1,2,0,0
0,0,0,0,2,2,6,0,0
0,0,0,0,0,0,0,0,0
0,0,0,0,2,2,6,0,0
0,0,0,0,0,0,0,0,0
0,0,0,0,1,1,2,0,0
0,0,0,0,1,1,2,0,0
0,0,0,0,1,1,6,0,0
0,0,0,0,3,2,9,0,0
0,0,0,0,0,0,0,0,0
0,0,0,0,2,1,4,0,0
0,0,0,0,0,0,0,0,0
0,0,0,0,2,2,3,0,0
0,0,0,0,0,0,0,0,0
0,0,0,0,0,0,0,0,0
0,0,0,0,0,0,0,0,0
0,0,0,0,1,1,5,0,0
0,0,0,0,1,1,6,0,0
0,0,0,0,0,0,0,0,0
0,0,0,0,1,1,1,0,0
0,0,0,0,2,2,6,0,0
0,0,0,0,1,1,4,0,0
0,0,0,0,2,2,5,0,0
0,0,0,0,0,0,0,0,0
0,0,0,0,1,1,6,0,0
0,0,0,0,1,1,2,0,0
0,0,0,0,1,1,9,0,0
0,0,0,0,2,2,4,0,0
0,0,0,0,2,2,5,0,0
0,0,0,0,4,1,12,0,0
0,0,0,0,0,0,0,0,0
0,0,0,0,1,1,3,0,0
0,0,0,0,1,1,2,0,0
0,0,0,0,1,1,6,0,0
0,0,0,0,2,2,4,0,0
0,0,0,0,0,0,0,0,0
0,0,0,0,1,1,4,0,0
0,1,1,1,25,6,74,0,0
0,0,0,0,1,1,4,0,0
0,0,0,0,1,1,1,0,0
0,0,0,0,1,1,5,0,0
0,0,0,0,1,1,5,0,0
0,0,0,0,2,1,7,0,0
0,0,0,0,7,2,17,0,0
0,0,0,0,1,1,2,0,0
0,0,0,0,0,0,0,0,0
0,0,0,0,1,1,2,0,0
0,0,0,0,1,1,3,0,0
0,0,0,0,2,2,3,0,0
0,0,0,0,1,1,2,0,0
0,0,0,0,4,4,7,0,0
0,0,0,0,2,2,6,0,0
0,0,0,0,0,0,0,0,0
0,0,0,0,3,3,9,0,0
0,0,0,0,2,2,9,0,0
0,0,0,0,2,2,6,0,0
0,0,0,0,3,3,6,0,0
0,0,0,0,1,1,6,0,0
0,0,0,0,1,1,2,0,0
0,0,0,0,1,1,1,0,0
0,0,0,0,1,1,2,0,0
0,0,0,0,2,2,13,0,0
0,0,0,0,0,0,0,0,0
0,0,0,0,0,0,0,0,0
0,0,0,0,1,1,2,0,0
0,0,0,0,0,0,0,0,0
0,0,0,0,6,3,22,0,0
0,0,0,0,2,2,8,0,0
0,0,0,0,1,1,2,0,0
0,0,0,0,2,1,12,0,0
0,0,0,0,4,3,8,0,0
0,0,0,0,1,1,4,0,0
0,0,0,0,1,1,6,0,0
0,0,0,0,1,1,7,0,0
0,0,0,0,1,1,2,0,0
0,0,0,0,2,2,7,0,0
0,0,0,0,1,1,6,0,0
0,0,0,0,2,2,7,0,0
0,0,0,0,1,1,4,0,0
0,0,0,0,3,3,4,0,0
0,0,0,0,1,1,2,0,0
0,0,0,0,2,1,5,0,0
0,0,0,0,0,0,0,0,0
0,0,0,0,3,3,6,0,0
0,0,0,0,1,1,2,0,0
0,0,0,0,2,2,6,0,0
0,0,0,0,0,0,0,0,0
0,0,0,0,5,4,14,0,0
0,0,0,0,6,5,17,0,0
0,0,0,0,1,1,5,0,0
0,0,0,0,2,1,6,0,0
0,0,0,0,1,1,2,0,0
0,0,0,0,0,0,0,0,0
0,0,0,0,1,1,4,0,0
0,0,0,0,4,3,9,0,0
0,0,0,0,2,2,3,0,0
0,0,0,0,1,1,1,0,0
0,0,0,0,2,2,4,0,0
0,0,0,0,0,0,0,0,0
0,0,0,0,1,1,9,0,0
0,0,0,0,4,2,10,0,0
0,0,0,0,1,1,4,0,0
0,0,0,0,1,1,2,0,0
0,0,0,0,1,1,2,0,0
0,0,0,0,1,1,5,0,0
0,0,0,0,2,2,4,0,0
0,0,0,0,3,3,9,0,0
0,0,0,0,1,1,9,0,0
0,0,0,0,5,4,12,0,0
0,0,0,0,1,1,2,0,0
0,0,0,0,1,1,3,0,0
0,0,0,0,0,0,0,0,0
0,0,0,0,1,1,2,0,0
0,0,0,0,1,1,2,0,0
0,0,0,0,4,4,10,0,0
0,0,0,0,11,2,35,0,0
0,1,1,1,65,5,155,0,1
0,0,0,0,1,1,3,0,0
0,0,0,0,0,0,0,0,0
0,0,0,0,1,1,5,0,0
0,0,0,0,2,2,11,0,0
0,0,0,0,0,0,0,0,0
0,0,0,0,1,1,2,0,0
0,0,0,0,1,1,2,0,0
0,0,0,0,2,1,5,0,0
0,0,0,0,6,5,17,0,0
0,1,1,1,29,12,87,0,0
0,0,0,0,2,1,5,0,0
0,0,0,0,1,1,4,0,0
0,0,0,0,0,0,0,0,0
0,1,1,1,93,38,254,0,0
0,0,0,0,1,1,2,0,0
0,0,0,0,0,0,0,0,0
0,0,0,0,1,1,2,0,0
0,0,0,0,2,2,6,0,0
0,0,0,0,3,3,9,0,0
0,0,0,0,2,2,3,0,0
0,0,0,0,1,1,2,0,0
0,0,0,0,0,0,0,0,0
0,0,0,0,3,3,9,0,0
0,0,0,0,1,1,2,0,0
0,0,0,0,1,1,4,0,0
0,0,0,0,2,2,5,0,0
0,0,0,0,0,0,0,0,0
0,0,0,0,0,0,0,0,0
0,0,0,0,1,1,4,0,0
0,0,0,0,3,3,11,0,0
0,0,0,0,3,3,6,0,0
0,0,0,0,1,1,2,0,0
0,0,0,0,2,2,4,0,0
0,0,0,0,1,1,9,0,0
0,0,0,0,1,1,7,0,0
0,0,0,0,0,0,0,0,0
0,0,0,0,2,2,3,0,0
0,1,1,1,71,5,169,0,1
0,0,0,0,2,2,6,0,0
0,0,0,0,4,2,9,0,0
0,0,0,0,1,1,2,0,0
0,0,0,0,1,1,3,0,0
0,0,0,0,0,0,0,0,0
0,0,0,0,1,1,4,0,0
0,0,0,0,2,2,5,0,0
0,0,0,0,1,1,4,0,0
0,0,0,0,0,0,0,0,0
0,0,0,0,1,1,2,0,0
0,0,0,0,0,0,0,0,0
0,0,0,0,0,0,0,0,0
0,0,0,0,1,1,4,0,0
0,0,0,0,1,1,2,0,0
0,0,0,0,3,3,6,0,0
0,0,0,0,0,0,0,0,0
0,0,0,0,6,4,14,0,0
0,0,0,0,3,1,8,0,0
0,0,0,0,1,1,5,0,0
0,0,0,0,0,0,0,0,0
0,0,0,0,1,1,2,0,0
0,0,0,0,2,2,4,0,0
0,0,0,0,0,0,0,0,0
0,0,0,0,0,0,0,0,0
0,0,0,0,0,0,0,0,0
0,0,0,0,0,0,0,0,0
0,0,0,0,2,2,8,0,0
0,0,0,0,1,1,2,0,0
0,0,0,0,1,1,9,0,0
0,0,0,0,0,0,0,0,0
0,0,0,0,2,2,6,0,0
0,0,0,0,2,2,8,0,0
0,0,0,0,0,0,0,0,0
0,0,0,0,2,2,6,0,0
0,0,0,0,4,2,9,0,0
0,0,0,0,2,2,5,0,0
0,0,0,0,3,3,8,0,0
0,0,0,0,0,0,0,0,0
0,0,0,0,1,1,2,0,0
0,0,0,0,4,2,11,0,0
0,0,0,0,1,1,2,0,0
0,0,0,0,1,1,1,0,0
0,0,0,0,2,2,6,0,0
0,0,0,0,0,0,0,0,0
0,0,0,0,1,1,2,0,0
0,0,0,0,2,2,6,0,0
0,0,0,0,5,4,11,0,0
0,0,0,0,26,2,104,0,0
0,0,0,0,0,0,0,0,0
0,0,0,0,2,1,4,0,0
0,0,0,0,19,2,76,0,0
0,0,0,0,1,1,3,0,0
0,0,0,0,5,3,12,1,0
0,0,0,0,1,1,4,0,0
0,0,0,0,55,5,162,0,0
0,0,0,0,2,2,4,0,0
0,0,0,0,3,3,6,0,0
0,0,0,0,1,1,6,0,0
0,1,1,1,76,8,181,0,1
0,0,0,0,2,2,3,0,0
0,0,0,0,5,4,11,0,0
0,0,0,0,0,0,0,0,0
0,0,0,0,1,1,2,0,0
0,0,0,0,1,1,8,0,0
0,0,0,0,0,0,0,0,0
0,0,0,0,1,1,4,0,0
0,0,0,0,0,0,0,0,0
0,0,0,0,2,2,9,0,0
0,0,0,0,2,2,6,0,0
0,0,0,0,0,0,0,0,0
0,0,0,0,1,1,5,0,0
0,0,0,0,1,1,2,0,0
0,0,0,0,1,1,14,0,0
0,0,0,0,0,0,0,0,0
0,0,0,0,9,5,24,0,0
0,0,0,0,1,1,2,0,0
0,0,0,0,1,1,2,0,0
0,0,0,0,3,3,9,0,0
0,0,0,0,2,2,12,0,0
0,0,0,0,0,0,0,0,0
0,0,0,0,0,0,0,0,0
0,0,0,0,3,1,8,0,0
0,0,0,0,0,0,0,0,0
0,0,0,0,0,0,0,0,0
0,0,0,0,1,1,4,0,0
0,0,0,0,2,2,4,0,0
0,0,0,0,1,1,1,0,0
0,0,0,0,2,2,6,0,0
0,0,0,0,1,1,4,0,0
0,0,0,0,1,1,6,0,0
0,0,0,0,3,3,7,0,0
0,0,0,0,1,1,2,0,0
0,0,0,0,2,1,4,0,0
0,0,0,0,1,1,2,0,0
0,0,0,0,0,0,0,0,0
0,0,0,0,1,1,2,0,0
0,0,0,0,0,0,0,0,0
0,0,0,0,2,2,3,0,0
0,0,0,0,3,3,8,0,0
0,0,0,0,1,1,2,0,0
0,0,0,0,1,1,3,0,0
0,0,0,0,3,3,14,0,0
0,0,0,0,2,2,5,0,0
0,0,0,0,1,1,2,0,0
0,0,0,0,3,2,6,0,0
0,0,0,0,0,0,0,0,0
0,0,0,0,1,1,1,0,0
0,0,0,0,2,2,4,0,0
0,0,0,0,0,0,0,0,0
0,0,0,0,2,2,8,0,0
0,0,0,0,2,2,8,0,0
0,0,0,0,3,2,12,0,0
0,0,0,0,3,3,9,0,0
0,0,0,0,2,1,5,0,0
0,0,0,0,2,2,5,0,0
0,0,0,0,1,1,2,0,0
0,0,0,0,6,6,15,0,0
0,0,0,0,0,0,0,0,0
0,0,0,0,2,2,4,0,0
0,0,0,0,2,1,7,0,0
0,0,0,0,1,1,2,0,0
0,0,0,0,1,1,2,0,0
0,0,0,0,2,1,6,0,0
0,0,0,0,2,2,11,0,0
0,0,0,0,2,2,3,0,0
0,0,0,0,1,1,5,0,0
0,0,0,0,0,0,0,0,0
0,0,0,0,1,1,2,0,0
0,0,0,0,1,1,3,0,0
0,0,0,0,1,1,2,0,0
0,1,1,1,50,10,124,0,1
0,0,0,0,1,1,4,0,0
0,0,0,0,1,1,2,0,0
0,0,0,0,1,1,2,0,0
0,0,0,0,3,3,15,0,0
0,0,0,0,1,1,2,0,0
0,0,0,0,0,0,0,0,0
0,0,0,0,2,2,6,0,0
0,0,0,0,0,0,0,0,0
0,0,0,0,2,1,6,0,0
0,0,0,0,2,2,6,0,0
0,0,0,0,1,1,2,0,0
0,0,0,0,1,1,4,0,0
0,0,0,0,1,1,6,0,0
0,0,0,0,3,3,9,0,0
0,0,0,0,4,4,15,0,0
0,0,0,0,1,1,2,0,0
0,0,0,0,1,1,4,0,0
0,0,0,0,2,2,7,0,0
0,0,0,0,0,0,0,0,0
0,0,0,0,1,1,4,0,0
0,0,0,0,2,2,3,0,0
0,0,0,0,4,3,8,0,0
0,0,0,0,3,3,5,0,0
0,0,0,0,0,0,0,0,0
0,0,0,0,2,2,6,0,0
0,0,0,0,2,2,3,0,0
0,0,0,0,0,0,0,0,0
0,0,0,0,0,0,0,0,0
0,0,0,0,3,3,13,0,0
0,0,0,0,0,0,0,0,0
0,0,0,0,0,0,0,0,0
0,0,0,0,1,1,4,0,0
0,0,0,0,4,2,6,0,0
0,0,0,0,0,0,0,0,0
0,0,0,0,2,2,12,0,0
0,0,0,0,4,3,10,0,0
0,0,0,0,0,0,0,0,0
0,0,0,0,0,0,0,0,0
0,0,0,0,0,0,0,0,0
0,0,1,0,11,3,28,0,0
0,0,0,0,0,0,0,0,0
0,0,0,0,4,4,9,0,0
0,0,0,0,0,0,0,0,0
0,0,0,0,1,1,2,0,0
0,0,0,0,4,4,8,0,0
0,0,0,0,1,1,6,0,0
0,0,0,0,1,1,2,0,0
0,0,0,0,0,0,0,0,0
0,0,0,0,0,0,0,0,0
0,0,0,0,1,1,2,0,0
0,0,0,0,0,0,0,0,0
0,0,0,0,0,0,0,0,0
0,0,0,0,1,1,2,0,0
0,0,0,0,0,0,0,0,0
0,0,0,0,0,0,0,0,0
0,0,0,0,1,1,5,0,0
0,0,0,0,2,2,3,0,0
0,0,0,0,2,2,3,0,0
0,0,0,0,1,1,3,0,0
0,0,0,0,2,2,5,0,0
0,0,0,0,1,1,4,0,0
0,0,0,0,1,1,2,0,0
0,0,0,0,2,2,5,0,0
0,0,0,0,2,2,8,0,0
0,0,0,0,2,2,5,0,0
0,0,0,0,1,1,6,0,0
0,0,0,0,0,0,0,0,0
0,0,0,0,2,2,3,0,0
0,0,0,0,1,1,2,0,0
0,0,0,0,2,2,7,0,0
0,0,0,0,1,1,1,0,0
0,0,0,0,0,0,0,0,0
0,0,0,0,1,1,2,0,0
0,0,0,0,3,3,9,0,0
0,0,0,0,1,1,2,0,0
0,0,0,0,0,0,0,0,0
0,0,0,0,1,1,4,0,0
0,0,0,0,2,2,2,0,0
0,0,0,0,1,1,2,0,0
0,0,0,0,0,0,0,0,0
0,0,0,0,5,5,10,0,0
0,0,0,0,2,2,5,0,0
0,0,0,0,1,1,2,0,0
0,0,0,0,1,1,9,0,0
0,0,0,0,0,0,0,0,0
0,0,0,0,1,1,2,0,0
0,0,0,0,1,1,2,0,0
0,0,0,0,0,0,0,0,0
0,0,0,0,1,1,6,0,0
0,0,0,0,4,4,11,0,0
0,0,0,0,1,1,2,0,0
0,0,0,0,0,0,0,0,0
0,0,0,0,1,1,4,0,0
0,0,0,0,2,2,6,0,0
0,0,0,0,0,0,0,0,0
0,0,0,0,0,0,0,0,0
0,0,0,0,1,1,4,0,0
0,0,0,0,2,2,4,0,0
0,0,0,0,2,2,3,0,0
0,1,1,1,83,11,210,0,1
0,0,0,0,1,1,1,0,0
0,0,0,0,0,0,0,0,0
0,0,0,0,2,2,5,0,0
0,0,0,0,0,0,0,0,0
0,0,0,0,1,1,1,0,0
0,0,0,0,0,0,0,0,0
0,0,0,0,1,1,3,0,0
0,0,0,0,3,3,9,0,0
0,0,0,0,2,2,4,0,0
0,0,0,0,3,2,7,0,0
0,0,0,0,1,1,4,0,0
0,0,0,0,1,1,2,0,0
0,0,0,0,1,1,2,0,0
0,0,0,0,3,3,9,0,0
0,0,0,0,1,1,2,0,0
0,0,0,0,25,2,100,0,0
0,0,0,0,3,3,6,0,0
0,0,0,0,4,2,10,0,0
0,0,0,0,0,0,0,0,0
0,0,0,0,1,1,5,0,0
0,0,0,0,1,1,4,0,0
0,0,0,0,2,1,5,0,0
0,0,0,0,2,2,4,0,0
0,0,0,0,4,4,8,0,0
0,0,0,0,1,1,4,0,0
0,0,0,0,2,1,12,0,0
0,0,0,0,4,4,8,0,0
0,0,0,0,7,3,18,0,0
0,0,0,0,1,1,5,0,0
0,0,0,0,1,1,4,0,0
0,0,0,0,0,0,0,0,0
0,0,0,0,1,1,4,0,0
0,0,0,0,1,1,2,0,0
0,0,0,0,4,2,9,0,0
0,0,0,0,1,1,4,0,0
0,0,0,0,1,1,2,0,0
0,0,0,0,2,2,3,0,0
0,0,0,0,1,1,4,0,0
0,0,0,0,2,2,6,0,0
0,0,0,0,4,4,8,0,0
0,0,0,0,3,3,6,0,0
0,0,0,0,1,1,3,0,0
0,0,0,0,1,1,4,0,0
0,0,0,0,2,1,6,0,0
0,0,0,0,2,2,3,0,0
0,0,0,0,2,2,5,0,0
0,0,0,0,3,3,9,0,0
0,0,0,0,2,2,2,0,0
0,0,0,0,2,2,4,0,0
0,0,0,0,0,0,0,0,0
0,0,0,0,2,2,4,0,0
0,0,0,0,3,2,5,0,0
0,0,0,0,1,1,7,0,0
0,0,0,0,2,2,3,0,0
0,0,0,0,0,0,0,0,0
0,0,0,0,2,2,6,0,0
0,0,0,0,1,1,6,0,0
0,0,0,0,2,1,7,0,0
0,0,0,0,2,2,5,0,0
0,0,0,0,9,3,25,0,0
0,0,0,0,0,0,0,0,0
0,0,0,0,1,1,4,0,0
0,0,0,0,0,0,0,0,0
0,0,0,0,1,1,4,0,0
0,0,0,0,1,1,2,0,0
0,0,0,0,1,1,2,0,0
0,0,0,0,0,0,0,0,0
0,0,0,0,1,1,2,0,0
0,0,0,0,1,1,4,0,0
0,0,0,0,1,1,7,0,0
0,0,0,0,3,3,8,0,0
0,0,0,0,1,1,3,0,0
0,0,0,0,1,1,2,0,0
0,0,0,0,3,3,11,0,0
0,0,0,0,3,3,9,0,0
0,0,0,0,1,1,9,0,0
0,0,0,0,4,4,9,0,0
0,0,0,0,0,0,0,0,0
0,0,0,0,1,1,8,0,0
0,0,0,0,8,4,4,0,0
0,0,0,0,1,1,2,0,0
0,0,0,0,2,2,6,0,0
0,0,0,0,0,0,0,0,0
0,0,0,0,0,0,0,0,0
0,0,0,0,0,0,0,0,0
0,0,0,0,3,3,7,0,0
0,0,0,0,1,1,2,0,0
0,0,0,0,2,2,12,0,0
0,0,0,0,1,1,8,0,0
0,0,0,0,2,1,7,0,0
0,0,0,0,2,2,4,0,0
0,0,0,0,1,1,2,0,0
0,0,0,0,0,0,0,0,0
0,0,0,0,3,3,10,0,0
0,0,0,0,2,2,5,0,0
0,0,0,0,1,1,2,0,0
0,0,0,0,2,2,6,0,0
0,0,0,0,6,6,17,0,0
0,0,0,0,1,1,2,0,0
0,0,0,0,4,4,9,0,0
0,0,0,0,0,0,0,0,0
0,0,0,0,3,3,8,0,0
0,0,0,0,7,4,16,0,0
0,0,0,0,0,0,0,0,0
0,0,0,0,1,1,2,0,0
0,0,0,0,10,6,31,0,0
0,0,0,0,1,1,2,0,0
0,0,0,0,1,1,4,0,0
0,0,0,0,0,0,0,0,0
0,0,0,0,1,1,3,0,0
0,0,0,0,6,5,14,0,0
0,0,0,0,2,2,6,0,0
0,0,0,0,1,1,2,0,0
0,0,0,0,2,1,4,0,0
0,0,0,0,2,2,5,0,0
0,0,0,0,1,1,2,0,0
0,0,0,0,0,0,0,0,0
0,0,0,0,0,0,0,0,0
0,0,0,0,0,0,0,0,0
0,0,0,0,3,2,6,0,0
0,0,0,0,2,2,7,0,0
0,0,0,0,1,1,4,0,0
0,0,0,0,2,2,5,0,0
0,0,0,0,0,0,0,0,0
0,0,0,0,4,3,11,0,0
0,0,0,0,0,0,0,0,0
0,0,0,0,2,2,12,0,0
0,0,0,0,1,1,1,0,0
0,0,0,0,2,2,4,0,0
0,0,0,0,2,2,12,0,0
0,0,0,0,1,1,2,0,0
0,0,0,0,1,1,9,0,0
0,0,0,0,6,6,18,0,0
0,0,0,0,0,0,0,0,0
0,0,0,0,3,1,10,0,0
0,0,0,0,2,2,7,0,0
0,0,0,0,1,1,2,0,0
0,0,0,0,16,7,43,0,0
0,0,0,0,1,1,4,0,0
0,0,0,0,1,1,6,0,0
0,0,0,0,1,1,5,0,0
0,0,0,0,1,1,2,0,0
0,0,0,0,1,1,4,0,0
0,0,0,0,3,3,6,0,0
0,0,0,0,2,2,6,0,0
0,0,0,0,2,2,6,0,0
0,0,0,0,1,1,2,0,0
0,0,0,0,1,1,4,0,0
0,0,0,0,3,3,5,0,0
0,0,0,0,2,2,5,0,0
0,0,0,0,1,1,2,0,0
0,0,0,0,4,1,8,0,0
0,0,0,0,1,1,3,0,0
0,0,0,0,2,1,5,0,0
0,0,0,0,1,1,5,0,0
0,0,0,0,1,1,2,0,0
0,0,0,0,0,0,0,0,0
0,0,0,0,0,0,0,0,0
0,0,0,0,2,2,6,0,0
0,0,0,0,1,1,4,0,0
0,0,0,0,1,1,2,0,0
0,0,0,0,1,1,2,0,0
0,0,0,0,4,4,7,0,0
0,0,0,0,2,2,6,0,0
0,0,0,0,1,1,3,0,0
0,0,0,0,0,0,0,0,0
0,0,0,0,3,3,11,0,0
0,0,0,0,1,1,8,0,0
0,0,0,0,0,0,0,0,0
0,0,0,0,2,1,7,0,0
0,0,0,0,2,2,5,0,0
0,0,0,0,0,0,0,0,0
0,0,0,0,1,1,2,0,0
0,0,0,0,1,1,2,0,0
0,0,0,0,1,1,1,0,0
0,0,0,0,1,1,6,0,0
0,0,0,0,1,1,6,0,0
0,0,0,0,0,0,0,0,0
0,0,0,0,1,1,4,0,0
0,0,0,0,0,0,0,0,0
0,0,0,0,1,1,2,0,0
0,0,0,0,0,0,0,0,0
0,0,0,0,2,2,12,0,0
0,0,0,0,4,1,11,0,0
0,0,0,0,1,1,8,0,0
0,0,0,0,1,1,1,0,0
0,0,0,0,1,1,2,0,0
0,0,0,0,2,2,4,0,0
0,0,0,0,1,1,3,0,0
0,0,0,0,0,0,0,0,0
0,0,0,0,2,2,4,0,0
0,0,0,0,1,1,1,0,0
0,0,0,0,0,0,0,0,0
0,0,0,0,3,3,8,0,0
0,0,0,0,1,1,2,0,0
0,0,0,0,2,2,10,0,0
0,0,0,0,4,3,13,0,0
0,0,0,0,1,1,1,0,0
0,0,0,0,4,4,11,0,0
0,0,0,0,2,2,8,0,0
0,0,0,0,3,3,3,0,0
0,0,0,0,1,1,2,0,0
0,0,0,0,0,0,0,0,0
0,0,0,0,0,0,0,0,0
0,0,0,0,1,1,1,0,0
0,0,0,0,1,1,4,0,0
0,0,0,0,2,2,3,0,0
0,0,0,0,5,3,13,0,0
0,0,0,0,1,1,4,0,0
0,0,0,0,2,2,5,0,0
0,0,0,0,4,3,12,0,0
0,0,0,0,3,3,10,0,0
0,0,0,0,0,0,0,0,0
0,0,0,0,0,0,0,0,0
0,0,0,0,1,1,1,0,0
0,0,0,0,1,1,9,0,0
0,0,0,0,1,1,2,0,0
0,0,0,0,1,1,2,0,0
0,0,0,0,2,2,10,0,0
0,0,0,0,1,1,5,0,0
0,0,0,0,2,1,7,0,0
0,0,0,0,2,2,6,0,0
0,0,0,0,3,3,10,0,0
0,0,0,0,1,1,2,0,0
0,0,0,0,1,1,2,0,0
0,0,0,0,0,0,0,0,0
0,0,0,0,1,1,2,0,0
0,0,0,0,2,2,9,0,0
0,0,0,0,7,5,16,0,0
0,0,0,0,1,1,2,0,0
0,0,0,0,2,2,5,0,0
0,0,0,0,0,0,0,0,0
0,0,0,0,0,0,0,0,0
0,0,0,0,0,0,0,0,0
0,0,0,0,1,1,6,0,0
0,0,0,0,3,3,6,0,0
0,0,0,0,1,1,4,0,0
0,0,0,0,0,0,0,0,0
0,0,0,0,1,1,2,0,0
0,0,0,0,1,1,4,0,0
0,1,1,1,30,5,73,0,1
0,0,0,0,2,2,3,0,0
0,0,0,0,2,2,4,0,0
0,0,0,0,2,2,4,0,0
0,0,0,0,1,1,2,0,0
0,0,0,0,0,0,0,0,0
0,0,0,0,1,1,4,0,0
0,0,0,0,2,2,4,0,0
0,0,0,0,1,1,4,0,0
0,0,0,0,1,1,2,0,0
0,0,0,0,2,2,12,0,0
0,0,0,0,3,3,9,0,0
0,0,0,0,0,0,0,0,0
0,0,0,0,2,2,4,0,0
0,0,0,0,2,2,3,0,0
0,0,0,0,1,1,2,0,0
0,0,0,0,1,1,4,0,0
0,0,0,0,1,1,2,0,0
0,0,0,0,2,2,5,0,0
0,0,0,0,4,2,11,0,0
0,0,0,0,1,1,2,0,0
0,0,0,0,2,2,5,0,0
0,0,0,0,0,0,0,0,0
0,0,0,0,2,2,7,0,0
0,0,0,0,1,1,4,0,0
0,0,0,0,2,2,5,0,0
0,0,0,0,1,1,3,0,0
0,0,0,0,1,1,5,0,0
0,0,0,0,4,4,11,0,0
0,0,0,0,1,1,4,0,0
0,0,0,0,2,2,4,0,0
0,0,0,0,2,2,6,0,0
0,0,0,0,1,1,3,0,0
0,0,0,0,1,1,2,0,0
0,0,0,0,3,2,6,0,0
0,0,0,0,1,1,5,0,0
0,0,0,0,2,2,5,0,0
0,0,0,0,2,2,4,0,0
0,0,0,0,0,0,0,0,0
0,0,0,0,2,2,4,0,0
0,0,0,0,13,9,39,0,0
0,0,0,0,1,1,2,0,0
0,0,0,0,1,1,4,0,0
0,0,0,0,1,1,4,0,0
0,0,0,0,0,0,0,0,0
0,0,0,0,2,2,4,0,0
0,0,0,0,0,0,0,0,0
0,0,0,0,1,1,4,0,0
0,0,0,0,2,2,7,0,0
0,0,0,0,0,0,0,0,0
0,0,0,0,3,3,10,0,0
0,0,0,0,1,1,4,0,0
0,0,0,0,0,0,0,0,0
0,0,0,0,0,0,0,0,0
0,0,0,0,1,1,9,0,0
0,0,0,0,0,0,0,0,0
0,0,0,0,1,1,3,0,0
0,0,0,0,1,1,2,0,0
0,0,0,0,0,0,0,0,0
0,0,0,0,1,1,2,0,0
0,0,0,0,1,1,9,0,0
0,0,0,0,1,1,2,0,0
0,0,0,0,0,0,0,0,0
0,0,0,0,1,1,2,0,0
0,0,0,0,1,1,2,0,0
0,0,0,0,139,19,302,0,0
0,0,0,0,3,3,6,0,0
0,0,0,0,1,1,9,0,0
0,0,0,0,2,2,11,0,0
0,0,0,0,4,4,10,0,0
0,0,0,0,0,0,0,0,0
0,0,0,0,0,0,0,0,0
0,0,0,0,1,1,2,0,0
0,0,0,0,5,4,8,0,0
0,1,1,1,94,42,250,0,0
0,0,0,0,1,1,2,0,0
0,0,0,0,1,1,1,0,0
0,0,0,0,1,1,1,0,0
0,0,0,0,2,2,6,0,0
0,0,0,0,1,1,2,0,0
0,0,0,0,1,1,6,0,0
0,0,0,0,0,0,0,0,0
0,0,0,0,0,0,0,0,0
0,0,0,0,0,0,0,0,0
0,0,0,0,1,1,5,0,0
0,0,0,0,1,1,6,0,0
0,0,0,0,2,1,5,0,0
0,0,0,0,0,0,0,0,0
0,0,0,0,2,2,6,0,0
0,0,0,0,1,1,2,0,0
0,0,0,0,0,0,0,0,0
0,0,0,0,6,5,15,0,0
0,0,0,0,1,1,2,0,0
0,0,0,0,2,2,4,0,0
0,0,0,0,2,2,3,0,0
0,0,0,0,8,4,19,0,0
0,0,0,0,2,2,4,0,0
0,0,0,0,0,0,0,0,0
0,0,0,0,2,2,5,0,0
0,0,0,0,0,0,0,0,0
0,0,0,0,3,3,13,0,0
0,0,0,0,1,1,2,0,0
0,0,0,0,1,1,2,0,0
0,0,0,0,2,2,4,0,0
0,0,0,0,1,1,2,0,0
0,0,0,0,2,1,5,0,0
0,0,0,0,3,3,8,0,0
0,0,0,0,1,1,4,0,0
0,0,0,0,1,1,1,0,0
0,0,0,0,3,3,6,0,0
0,0,0,0,1,1,4,0,0
0,0,0,0,1,1,2,0,0
0,0,0,0,1,1,6,0,0
0,0,0,0,4,2,6,0,0
0,0,0,0,1,1,4,0,0
0,0,0,0,1,1,3,0,0
0,0,0,0,2,2,5,0,0
0,0,0,0,4,4,8,0,0
0,0,0,0,1,1,4,0,0
0,0,0,0,1,1,4,0,0
0,0,0,0,1,1,4,0,0
0,0,0,0,2,2,11,0,0
0,0,0,0,2,1,8,0,0
0,0,0,0,0,0,0,0,0
0,0,0,0,1,1,2,0,0
0,0,0,0,2,2,7,0,0
0,0,0,0,3,1,6,0,0
0,0,0,0,2,2,5,0,0
0,0,0,0,2,2,6,0,0
0,0,0,0,1,1,2,0,0
0,0,0,0,2,2,7,0,0
0,0,0,0,4,4,9,0,0
0,0,0,0,2,2,6,0,0
0,0,0,0,2,2,6,0,0
0,0,0,0,1,1,11,0,0
0,0,0,0,1,1,4,0,0
0,0,0,0,1,1,4,0,0
0,0,0,0,8,6,28,0,0
0,0,0,0,0,0,0,0,0
0,0,0,0,1,1,2,0,0
0,0,0,0,0,0,0,0,0
0,0,0,0,1,1,5,0,0
0,0,0,0,1,1,4,0,0
0,0,0,0,1,1,3,0,0
0,0,0,0,1,1,3,0,0
0,0,0,0,0,0,0,0,0
0,0,0,0,1,1,8,0,0
0,0,0,0,3,3,14,0,0
0,0,0,0,2,1,5,0,0
0,0,0,0,1,1,2,0,0
0,0,0,0,0,0,0,0,0
0,0,0,0,1,1,2,0,0
0,0,0,0,4,3,8,0,0
0,0,0,0,1,1,8,0,0
0,0,0,0,1,1,5,0,0
0,0,0,0,2,2,9,0,0
0,0,0,0,1,1,4,0,0
0,0,0,0,2,2,4,0,0
0,0,0,0,0,0,0,0,0
0,0,0,0,1,1,5,0,0
0,0,0,0,3,2,8,0,0
0,0,0,0,1,1,3,0,0
0,0,0,0,1,1,2,0,0
0,0,0,0,1,1,2,0,0
0,0,0,0,2,2,5,0,0
0,0,0,0,1,1,2,0,0
0,0,0,0,1,1,2,0,0
0,0,0,0,0,0,0,0,0
0,0,0,0,1,1,5,0,0
0,0,0,0,1,1,3,0,0
0,0,0,0,1,1,8,0,0
0,0,0,0,0,0,0,0,0
0,0,0,0,1,1,8,0,0
0,0,0,0,4,3,9,0,0
0,0,0,0,2,2,5,0,0
0,0,0,0,1,1,2,0,0
0,0,0,0,2,2,5,0,0
0,0,0,0,1,1,4,0,0
0,0,0,0,0,0,0,0,0
0,0,0,0,3,3,7,0,0
0,0,0,0,1,1,1,0,0
0,0,0,0,1,1,1,0,0
0,0,0,0,3,3,9,0,0
0,0,0,0,2,2,9,0,0
0,0,0,0,2,2,4,0,0
0,0,0,0,2,2,6,0,0
0,0,0,0,0,0,0,0,0
0,0,0,0,1,1,2,0,0
0,0,0,0,1,1,9,0,0
0,0,0,0,4,4,8,0,0
0,0,0,0,2,2,4,0,0
0,0,0,0,1,1,5,0,0
0,1,1,1,82,11,206,0,1
0,0,0,0,1,1,2,0,0
0,0,0,0,2,2,3,0,0
0,0,0,0,4,3,8,0,0
0,0,0,0,1,1,9,0,0
0,0,0,0,2,2,7,0,0
0,0,0,0,1,1,4,0,0
0,0,0,0,0,0,0,0,0
0,0,0,0,1,1,4,0,0
0,0,0,0,0,0,0,0,0
0,0,0,0,3,3,14,0,0
0,0,0,0,1,1,1,0,0
0,0,0,0,1,1,2,0,0
0,0,0,0,1,1,2,0,0
0,1,1,1,43,6,114,0,0
0,0,0,0,1,1,5,0,0
0,0,0,0,20,17,45,0,0
0,0,0,0,1,1,4,0,0
0,0,0,0,1,1,2,0,0
0,0,0,0,0,0,0,0,0
0,0,0,0,1,1,2,0,0
0,0,0,0,14,11,34,0,0
0,0,0,1,2,2,6,0,1
0,0,0,0,1,1,2,0,0
0,0,0,0,1,1,2,0,0
0,0,0,0,1,1,2,0,0
0,0,0,0,2,2,3,0,0
0,0,0,0,1,1,9,0,0
0,0,0,0,0,0,0,0,0
0,0,0,0,2,2,4,0,0
0,0,0,0,3,3,7,0,0
0,0,0,0,3,2,7,0,0
0,0,0,0,1,1,3,0,0
0,0,0,0,1,1,2,0,0
0,0,0,0,2,2,6,0,0
0,0,0,0,2,2,8,0,0
0,0,0,0,1,1,5,0,0
0,0,0,0,1,1,2,0,0
0,0,0,0,2,2,4,0,0
0,0,0,0,2,2,4,0,0
0,0,0,1,4,2,16,0,0
0,0,0,0,1,1,4,0,0
0,0,0,0,1,1,2,0,0
0,0,0,0,169,4,1088,0,0
0,0,0,0,2,2,6,0,0
0,0,0,0,4,3,15,0,0
0,0,0,0,1,1,2,0,0
0,0,0,0,1,1,1,0,0
0,0,0,0,1,1,2,0,0
0,0,0,0,1,1,2,0,0
0,0,0,0,4,4,11,0,0
0,0,0,0,1,1,2,0,0
0,0,0,0,2,2,6,0,0
0,0,0,0,2,2,3,0,0
0,0,0,0,0,0,0,0,0
0,0,0,0,4,2,10,0,0
0,0,0,0,0,0,0,0,0
0,0,0,0,2,2,5,0,0
0,1,1,1,73,7,177,0,0
0,0,0,0,0,0,0,0,0
0,0,0,0,1,1,2,0,0
0,0,0,0,1,1,2,0,0
0,0,0,0,1,1,2,0,0
0,0,0,0,2,2,4,0,0
0,0,0,0,0,0,0,0,0
0,0,0,0,1,1,8,0,0
0,0,0,0,1,1,2,0,0
0,0,0,0,1,1,4,0,0
0,0,0,0,1,1,4,0,0
0,0,0,0,0,0,0,0,0
0,0,0,0,1,1,9,0,0
0,0,0,0,2,2,5,0,0
0,0,0,0,1,1,3,0,0
0,0,0,0,1,1,5,0,0
0,0,0,0,1,1,1,0,0
0,0,0,0,2,1,5,0,0
0,0,0,0,0,0,0,0,0
0,0,0,0,1,1,2,0,0
0,0,0,0,0,0,0,0,0
0,0,0,0,1,1,4,0,0
0,0,0,0,1,1,2,0,0
0,0,0,0,2,2,5,0,0
0,0,0,0,0,0,0,0,0
0,0,0,0,2,2,5,0,0
0,0,0,0,1,1,5,0,0
0,0,0,0,2,2,5,0,0
0,0,0,0,1,1,2,0,0
0,0,0,0,1,1,2,0,0
0,0,0,0,1,1,2,0,0
0,0,0,0,2,1,6,0,0
0,0,0,0,3,3,8,0,0
0,0,0,0,2,2,4,0,0
0,0,0,0,1,1,3,0,0
0,0,0,0,3,3,5,0,0
0,0,0,0,1,1,2,0,0
0,0,0,0,2,2,7,0,0
0,0,0,0,2,2,3,0,0
0,0,0,0,1,1,2,0,0
0,0,0,0,0,0,0,0,0
0,0,0,0,1,1,3,0,0
0,0,0,0,6,5,16,0,0
0,0,0,0,4,2,11,0,0
0,0,0,0,1,1,2,0,0
0,0,0,0,1,1,2,0,0
0,0,0,0,2,2,4,0,0
0,1,1,1,71,5,167,0,1
0,0,0,0,1,1,3,0,0
0,0,0,0,1,1,8,0,0
0,0,0,0,1,1,2,0,0
0,0,0,0,0,0,0,0,0
0,0,0,0,0,0,0,0,0
0,0,0,0,1,1,2,0,0
0,0,0,0,0,0,0,0,0
0,0,0,0,2,2,4,0,0
0,0,0,0,1,1,9,0,0
0,0,0,0,1,1,5,0,0
0,0,0,0,1,1,2,0,0
0,0,0,0,0,0,0,0,0
0,0,0,0,1,1,2,0,0
0,0,0,0,2,2,3,0,0
0,0,0,0,0,0,0,0,0
0,0,0,0,0,0,0,0,0
0,0,0,0,2,2,5,0,0
0,0,0,0,2,2,5,0,0
0,0,0,0,0,0,0,0,0
0,0,0,0,1,1,2,0,0
0,0,0,0,1,1,5,0,0
0,0,0,0,0,0,0,0,0
0,0,0,0,1,1,4,0,0
0,0,0,0,1,1,7,0,0
0,0,0,0,0,0,0,0,0
0,0,0,0,1,1,4,0,0
0,0,0,0,0,0,0,0,0
0,0,0,0,7,2,18,0,0
0,0,0,0,2,2,5,0,0
0,0,0,0,1,1,4,0,0
0,0,0,0,1,1,5,0,0
0,0,0,0,4,2,11,0,0
0,0,0,0,2,2,11,0,0
0,0,0,0,3,3,9,0,0
0,0,0,0,1,1,2,0,0
0,0,0,0,1,1,4,0,0
0,0,0,0,1,1,4,0,0
0,0,0,0,1,1,9,0,0
0,0,0,0,2,2,5,0,0
0,1,1,1,74,6,170,0,1
0,0,0,0,0,0,0,0,0
0,0,0,0,0,0,0,0,0
0,0,0,0,1,1,2,0,0
0,0,0,0,2,2,4,0,0
0,0,0,0,1,1,6,0,0
0,0,0,0,0,0,0,0,0
0,0,0,0,2,2,4,0,0
0,0,0,0,2,2,6,0,0
0,0,0,0,0,0,0,0,0
0,0,0,0,3,3,7,0,0
0,0,0,0,0,0,0,0,0
0,0,0,0,0,0,0,0,0
0,0,0,0,2,2,3,0,0
0,0,0,0,1,1,4,0,0
0,0,0,0,1,1,2,0,0
0,0,0,0,1,1,2,0,0
0,0,0,0,1,1,6,0,0
0,0,0,0,1,1,2,0,0
0,0,0,0,3,3,11,0,0
0,0,0,0,0,0,0,0,0
0,0,0,0,0,0,0,0,0
0,0,0,0,1,1,2,0,0
0,0,0,0,1,1,4,0,0
0,0,0,0,1,1,2,0,0
0,0,0,0,2,2,6,0,0
0,0,0,0,1,1,2,0,0
0,0,0,0,4,4,10,0,0
0,0,0,0,1,1,2,0,0
0,0,0,0,2,2,5,0,0
0,0,0,0,4,4,7,0,0
0,0,0,0,0,0,0,0,0
0,0,0,0,2,1,4,0,0
0,0,0,0,5,4,8,0,0
0,0,0,0,1,1,2,0,0
0,0,0,0,2,2,3,1,0
0,0,0,0,2,2,5,0,0
0,0,0,0,8,8,17,0,0
0,0,0,0,4,2,8,0,0
0,0,0,0,3,3,9,0,0
0,0,0,0,20,9,53,0,0
0,0,0,0,3,3,6,0,0
0,0,0,0,3,3,7,0,0
0,0,0,0,1,1,2,0,0
0,0,0,0,1,1,2,0,0
0,0,0,0,0,0,0,0,0
0,0,0,0,0,0,0,0,0
0,0,0,0,0,0,0,0,0
0,0,0,0,0,0,0,0,0
0,0,0,0,0,0,0,0,0
0,0,0,0,0,0,0,0,0
0,0,0,0,2,2,8,0,0
0,0,0,0,2,2,5,0,0
0,0,0,0,1,1,4,0,0
0,0,0,0,0,0,0,0,0
0,0,0,0,2,2,6,0,0
0,0,0,0,2,2,10,0,0
0,0,0,0,2,1,10,0,0
0,0,0,0,0,0,0,0,0
0,0,0,0,1,1,2,0,0
0,0,0,0,0,0,0,0,0
0,0,0,0,1,1,2,0,0
0,0,0,0,1,1,4,0,0
0,0,0,0,1,1,4,0,0
0,0,0,0,0,0,0,0,0
0,0,0,0,1,1,6,0,0
0,0,0,0,3,3,7,0,0
0,0,0,0,1,1,6,0,0
0,0,0,0,1,1,1,0,0
0,1,1,1,69,8,165,0,1
0,0,0,0,1,1,1,0,0
0,0,0,0,0,0,0,0,0
0,0,0,0,1,1,4,0,0
0,0,0,0,5,3,13,0,0
0,0,0,0,0,0,0,0,0
0,0,0,0,3,2,8,0,0
0,0,0,0,2,2,5,0,0
0,0,0,0,1,1,9,0,0
0,0,0,0,0,0,0,0,0
0,0,0,0,1,1,2,0,0
0,0,1,0,11,3,28,0,0
0,0,0,0,1,1,4,0,0
0,0,0,0,0,0,0,0,0
0,0,0,0,3,3,6,0,0
0,0,0,0,1,1,9,0,0
0,0,0,0,2,2,4,0,0
0,0,0,0,1,1,5,0,0
0,0,0,0,2,2,5,0,0
0,0,0,0,2,2,5,0,0
0,0,0,0,3,3,6,0,0
0,0,0,0,2,2,4,0,0
0,0,0,0,3,3,7,0,0
0,0,0,0,1,1,5,0,0
0,0,0,0,2,2,6,0,0
0,0,0,0,0,0,0,0,0
0,0,0,0,4,3,8,0,0
0,0,0,0,3,2,9,0,0
0,0,0,0,0,0,0,0,0
0,0,0,0,1,1,2,0,0
0,0,0,0,1,1,2,0,0
0,0,0,0,0,0,0,0,0
0,0,0,0,2,2,4,0,0
0,0,0,0,1,1,4,0,0
0,0,0,0,1,1,2,0,0
0,0,0,0,6,1,18,0,0
0,0,0,0,0,0,0,0,0
0,0,0,0,3,3,8,0,0
0,0,0,0,1,1,5,0,0
0,0,0,0,3,2,9,0,0
0,0,0,0,1,1,8,0,0
0,0,0,0,1,1,9,0,0
0,0,0,0,1,1,2,0,0
0,0,0,0,0,0,0,0,0
0,0,0,0,1,1,3,0,0
0,0,0,0,1,1,2,0,0
0,0,0,0,1,1,9,0,0
0,0,0,0,2,2,6,0,0
0,0,0,0,1,1,4,0,0
0,0,0,0,2,2,3,0,0
0,0,0,0,1,1,4,0,0
0,0,0,0,0,0,0,0,0
0,0,0,0,3,3,7,0,0
0,0,0,0,2,2,6,0,0
0,0,0,0,1,1,4,0,0
0,0,0,0,3,1,6,0,0
0,0,0,0,1,1,3,0,0
0,0,0,0,0,0,0,0,0
0,0,0,0,3,3,7,0,0
0,0,0,0,0,0,0,0,0
0,0,0,0,2,2,6,0,0
0,0,0,0,2,2,5,0,0
0,0,0,0,1,1,2,0,0
0,0,0,0,3,3,9,0,0
0,0,0,0,0,0,0,0,0
0,0,0,0,1,1,5,0,0
0,0,0,0,2,2,8,0,0
0,0,0,0,1,1,4,0,0
0,0,0,0,0,0,0,0,0
0,0,0,0,3,2,8,0,0
0,0,0,0,1,1,5,0,0
0,0,0,0,3,3,9,0,0
0,0,0,0,0,0,0,0,0
0,0,0,0,0,0,0,0,0
0,0,0,0,1,1,2,0,0
0,0,0,0,3,3,12,0,0
0,0,0,0,0,0,0,0,0
0,0,0,0,1,1,4,0,0
0,0,0,0,2,2,4,0,0
0,0,0,0,1,1,4,0,0
0,0,0,0,3,3,11,0,0
0,0,0,0,2,2,6,0,0
0,0,0,0,2,2,5,0,0
0,0,0,0,3,3,5,0,0
0,0,0,0,2,2,7,0,0
0,0,0,0,2,2,3,0,0
0,0,0,0,0,0,0,0,0
0,0,0,0,1,1,3,0,0
0,0,0,0,1,1,5,0,0
0,1,1,0,75,11,210,0,0
0,0,0,0,1,1,2,0,0
0,0,0,0,2,1,3,0,0
0,0,0,0,3,3,7,0,0
0,0,0,0,0,0,0,0,0
0,0,0,0,2,2,11,0,0
0,0,0,0,0,0,0,0,0
0,0,0,0,1,1,5,0,0
0,0,0,0,1,1,3,0,0
0,0,0,0,3,2,8,0,0
0,0,0,0,0,0,0,0,0
0,0,0,0,1,1,3,0,0
0,0,0,0,2,2,5,0,0
0,0,0,0,0,0,0,0,0
0,0,0,0,1,1,4,0,0
0,0,0,0,2,2,3,0,0
0,0,0,0,4,3,8,0,0
0,0,0,0,5,5,8,0,0
0,0,0,0,1,1,7,0,0
0,0,0,0,1,1,3,0,0
0,0,0,0,6,4,16,0,0
0,0,0,0,3,3,7,0,0
0,0,0,0,2,2,5,0,0
0,0,0,0,1,1,2,0,0
0,0,0,0,2,2,4,0,0
0,0,0,0,0,0,0,0,0
0,0,0,0,1,1,2,0,0
0,0,0,0,1,1,2,0,0
0,0,0,0,0,0,0,0,0
0,0,0,0,1,1,2,0,0
0,0,0,0,0,0,0,0,0
0,0,0,0,5,4,14,0,0
0,0,0,0,7,1,20,0,0
0,0,0,0,0,0,0,0,0
0,0,0,0,2,2,3,0,0
0,0,0,0,2,2,12,0,0
0,0,0,0,1,1,4,0,0
0,0,0,0,3,3,7,0,0
0,0,0,0,1,1,4,0,0
0,0,0,0,1,1,4,0,0
0,0,0,0,1,1,2,0,0
0,0,0,0,1,1,4,0,0
0,0,0,0,4,4,8,0,0
0,0,0,0,1,1,3,0,0
0,0,0,0,2,2,5,0,0
0,0,0,0,4,3,7,0,0
0,0,0,0,0,0,0,0,0
0,1,1,0,79,15,240,0,0
0,0,0,0,2,2,6,0,0
0,0,0,0,4,2,13,0,0
0,0,0,0,5,2,8,0,0
0,0,0,0,0,0,0,0,0
0,0,0,0,1,1,2,0,0
0,0,0,0,1,1,2,0,0
0,0,0,0,3,2,8,0,0
0,0,0,0,1,1,2,0,0
0,0,0,0,0,0,0,0,0
0,0,0,0,0,0,0,0,0
0,0,0,0,1,1,4,0,0
0,0,0,0,7,7,12,0,0
0,0,0,0,4,4,14,0,0
0,0,0,0,1,1,5,0,0
0,0,0,0,4,2,11,0,0
0,0,0,0,0,0,0,0,0
0,0,0,0,4,3,14,0,0
0,0,0,0,1,1,2,0,0
0,0,0,0,0,0,0,0,0
0,0,0,0,3,3,6,0,0
0,0,0,0,1,1,4,0,0
0,1,1,1,50,11,138,0,1
0,0,0,0,3,3,11,0,0
0,0,0,0,1,1,4,0,0
0,1,1,1,71,7,172,0,0
0,0,0,0,1,1,2,0,0
0,0,0,0,2,2,4,0,0
0,0,0,0,2,2,3,0,0
0,0,0,0,0,0,0,0,0
0,0,0,0,1,1,4,0,0
0,0,0,0,0,0,0,0,0
0,0,0,0,1,1,2,0,0
0,0,0,0,1,1,7,0,0
0,0,0,0,0,0,0,0,0
0,0,0,0,0,0,0,0,0
0,0,0,0,2,2,9,0,0
0,0,0,0,1,1,8,0,0
0,0,0,0,1,1,2,0,0
0,0,0,0,1,1,4,0,0
0,0,0,0,1,1,2,0,0
0,0,0,0,1,1,2,0,0
0,0,0,0,1,1,4,0,0
0,0,0,0,1,1,3,0,0
0,0,0,0,1,1,2,0,0
0,0,0,0,2,2,3,0,0
0,0,0,0,1,1,3,0,0
0,1,1,1,88,12,225,0,0
0,0,0,0,2,1,5,0,0
0,0,0,0,2,2,5,0,0
0,0,0,0,0,0,0,0,0
0,0,0,0,2,2,4,0,0
0,0,0,0,3,3,7,0,0
0,0,0,0,1,1,4,0,0
0,0,0,0,1,1,4,0,0
0,0,0,0,3,3,7,0,0
0,0,0,0,1,1,6,0,0
0,0,0,0,3,2,14,0,0
0,0,0,0,2,2,10,0,0
0,0,0,0,2,2,6,0,0
0,0,0,0,3,3,7,0,0
0,0,0,0,1,1,2,0,0
0,0,0,0,3,3,8,0,0
0,1,1,0,96,12,241,0,0
0,0,0,0,1,1,4,0,0
0,0,0,0,1,1,3,0,0
0,0,0,0,1,1,4,0,0
0,0,0,0,4,4,11,0,0
0,0,0,0,0,0,0,0,0
0,0,0,0,2,1,8,0,0
0,0,0,0,0,0,0,0,0
0,0,0,0,2,1,7,0,0
0,0,0,0,1,1,2,0,0
0,1,1,1,82,11,206,0,1
0,0,0,0,2,2,4,0,0
0,0,0,0,2,2,5,0,0
0,0,0,0,1,1,2,0,0
0,0,0,0,2,1,4,0,0
0,0,0,0,1,1,3,0,0
0,0,0,0,2,2,5,0,0
0,0,0,0,1,1,8,0,0
0,0,0,0,3,3,5,0,0
0,0,0,0,3,3,7,0,0
0,0,0,0,7,7,12,0,0
0,0,0,0,0,0,0,0,0
0,0,0,0,2,2,5,0,0
0,0,0,0,1,1,2,0,0
0,0,0,0,3,3,9,0,0
0,0,0,0,3,3,13,0,0
0,0,0,0,1,1,5,0,0
0,0,0,0,2,2,7,0,0
0,0,0,0,2,2,4,0,0
0,0,0,0,1,1,2,0,0
0,0,0,0,0,0,0,0,0
0,0,0,0,4,4,8,0,0
0,0,0,0,1,1,4,0,0
0,0,0,0,4,4,10,0,0
0,0,0,0,2,2,3,0,0
0,0,0,0,2,2,5,0,0
0,1,1,1,106,11,267,0,0
0,0,0,0,2,2,7,0,0
0,0,0,0,6,5,15,0,0
0,0,0,0,1,1,4,0,0
0,0,0,0,2,2,3,1,0
0,0,0,0,1,1,2,0,0
0,0,0,0,0,0,0,0,0
0,0,0,0,1,1,1,0,0
0,0,0,0,4,1,14,0,0
0,0,0,0,1,1,6,0,0
0,0,0,0,4,3,9,0,0
0,0,0,0,1,1,2,0,0
0,0,0,0,1,1,2,0,0
0,0,0,0,2,2,5,0,0
0,0,0,0,2,2,4,0,0
0,0,0,0,1,1,2,0,0
0,0,0,0,3,3,10,0,0
0,0,0,0,1,1,4,0,0
0,0,0,0,1,1,9,0,0
0,0,0,0,1,1,1,0,0
0,0,0,0,2,2,4,0,0
0,0,0,0,1,1,2,0,0
0,0,0,0,0,0,0,0,0
0,0,0,0,0,0,0,0,0
0,0,0,0,0,0,0,0,0
0,0,0,0,4,4,10,0,0
0,0,0,0,1,1,9,0,0
0,0,0,0,2,2,5,0,0
0,0,0,0,1,1,2,0,0
0,0,0,0,1,1,5,0,0
0,0,0,0,2,2,6,0,0
0,0,0,0,0,0,0,0,0
0,0,0,0,1,1,4,0,0
0,0,0,0,0,0,0,0,0
0,1,1,1,70,8,168,0,1
0,0,0,0,1,1,4,0,0
0,0,0,0,0,0,0,0,0
0,0,0,0,1,1,5,0,0
0,0,0,0,0,0,0,0,0
0,0,0,0,1,1,2,0,0
0,0,0,0,4,4,8,0,0
0,0,0,0,214,3,220,0,0
0,0,0,0,3,3,6,0,0
0,0,0,0,2,2,5,0,0
0,0,0,0,2,1,8,0,0
0,0,0,0,2,1,7,0,0
0,0,0,0,1,1,3,0,0
0,0,0,0,3,3,9,0,0
0,0,0,0,1,1,2,0,0
0,0,0,0,1,1,7,0,0
0,0,0,0,3,3,6,0,0
0,0,0,0,1,1,2,0,0
0,0,0,0,3,3,7,0,0
0,0,0,0,2,1,8,0,0
0,0,0,0,1,1,2,0,0
0,0,0,0,1,1,7,0,0
0,1,1,1,112,43,297,0,0
0,0,0,0,3,3,7,0,0
0,0,0,0,2,2,5,0,0
0,0,0,0,2,2,3,0,0
0,0,0,0,1,1,1,0,0
0,0,0,0,1,1,3,0,0
0,0,0,0,1,1,2,0,0
0,0,0,0,2,2,8,0,0
0,0,0,0,2,2,5,0,0
0,0,0,0,1,1,9,0,0
0,0,0,0,2,2,5,0,0
0,0,0,0,3,3,5,0,0
0,0,0,0,0,0,0,0,0
0,0,0,0,3,2,8,0,0
0,0,0,0,2,1,4,0,0
0,0,0,0,2,1,12,0,0
0,0,0,0,1,1,2,0,0
0,0,0,0,0,0,0,0,0
0,0,0,0,0,0,0,0,0
0,0,0,0,3,1,8,0,0
0,0,0,0,6,1,18,0,0
0,0,0,0,6,4,17,0,0
0,0,0,0,1,1,2,0,0
0,0,0,0,2,2,6,0,0
0,0,0,0,0,0,0,0,0
0,0,0,0,2,2,10,0,0
0,0,0,0,1,1,4,0,0
0,0,0,0,1,1,3,0,0
0,0,0,0,6,4,19,0,0
0,0,0,0,1,1,2,0,0
0,0,0,0,0,0,0,0,0
0,0,0,0,2,2,5,0,0
0,1,1,1,83,13,213,0,0
0,0,0,0,1,1,2,0,0
0,0,0,0,0,0,0,0,0
0,0,0,0,2,2,3,0,0
0,0,0,0,0,0,0,0,0
0,0,0,0,3,3,9,0,0
0,0,0,0,0,0,0,0,0
0,0,0,0,2,1,5,0,0
0,0,0,0,0,0,0,0,0
0,0,0,0,4,4,7,0,0
0,0,0,0,1,1,2,0,0
0,0,0,0,1,1,2,0,0
0,0,0,0,1,1,4,0,0
0,1,1,1,81,43,210,0,0
0,0,0,0,0,0,0,0,0
0,0,0,0,2,2,5,0,0
0,0,0,0,2,2,7,0,0
0,0,0,0,1,1,4,0,0
0,0,0,0,1,1,2,0,0
0,0,0,0,0,0,0,0,0
0,0,0,0,1,1,3,0,0
0,0,0,0,2,2,6,0,0
0,0,0,0,2,2,11,0,0
0,0,0,0,2,2,6,0,0
0,0,0,0,1,1,2,0,0
0,0,0,0,1,1,2,0,0
0,0,0,0,1,1,2,0,0
0,0,0,0,2,2,7,0,0
0,0,0,0,2,2,7,0,0
0,0,0,0,1,1,2,0,0
0,0,0,0,1,1,9,0,0
0,0,0,0,0,0,0,0,0
0,0,0,0,1,1,2,0,0
0,1,1,1,24,6,58,0,0
0,0,0,0,0,0,0,0,0
0,0,0,0,0,0,0,0,0
0,0,0,0,3,2,9,0,0
0,0,0,0,1,1,2,0,0
0,0,0,0,1,1,6,0,0
0,0,0,0,1,1,4,0,0
0,0,0,0,2,2,6,0,0
0,0,0,0,0,0,0,0,0
0,0,0,0,0,0,0,0,0
0,0,0,0,1,1,2,0,0
0,0,0,0,1,1,4,0,0
0,0,0,0,4,2,12,0,0
0,0,0,0,2,2,3,0,0
0,0,0,0,34,2,136,0,0
0,0,0,0,37,2,74,0,0
0,0,0,0,2,1,4,0,0
0,0,0,0,1,1,4,0,0
0,0,0,0,2,2,3,0,0
0,0,0,0,0,0,0,0,0
0,0,0,0,1,1,3,0,0
0,0,0,0,2,2,6,0,0
0,0,0,0,1,1,4,0,0
0,0,0,0,0,0,0,0,0
0,0,0,0,4,4,10,0,0
0,0,0,0,1,1,5,0,0
0,0,0,0,2,2,4,0,0
0,0,0,0,1,1,2,0,0
0,0,0,0,0,0,0,0,0
0,0,0,0,2,2,5,0,0
0,0,0,0,3,3,7,0,0
0,0,0,0,1,1,4,0,0
0,0,0,0,3,3,6,0,0
0,0,0,0,1,1,2,0,0
0,0,0,0,2,2,5,0,0
0,0,0,0,1,1,2,0,0
0,0,0,0,3,3,7,0,0
0,0,0,0,1,1,3,0,0
0,0,0,0,0,0,0,0,0
0,0,0,0,2,2,5,0,0
0,0,0,0,2,2,5,0,0
0,0,0,0,0,0,0,0,0
0,0,0,0,1,1,1,0,0
0,0,0,0,0,0,0,0,0
0,0,0,0,1,1,4,0,0
0,0,0,0,0,0,0,0,0
0,0,0,0,6,5,22,0,0
0,0,0,0,1,1,2,0,0
0,0,0,0,1,1,5,0,0
0,0,0,0,3,3,9,0,0
0,0,0,0,3,3,9,0,0
0,0,0,0,1,1,4,0,0
0,1,1,1,78,6,180,0,1
0,0,0,0,1,1,5,0,0
0,1,1,1,82,8,187,0,1
0,0,0,0,0,0,0,0,0
0,0,0,0,1,1,3,0,0
0,0,0,0,2,2,4,0,0
