0,1,0,1,2,2,10,0,0
0,1,0,1,2,2,10,0,0
1,1,0,0,15,6,43,0,0
0,1,0,1,2,2,10,0,0
0,0,1,1,9,3,27,0,0
0,1,1,1,29,6,84,0,0
0,1,0,1,2,2,10,0,0
0,1,0,0,2,2,5,0,0
0,1,1,0,15,6,41,0,0
0,1,1,1,23,6,69,0,0
0,1,0,1,2,2,10,0,0
0,1,0,0,14,5,38,0,0
0,1,1,1,6,4,25,0,0
0,0,0,0,0,0,0,0,0
1,0,0,1,6,2,18,0,0
0,1,0,1,2,2,10,0,0
0,1,0,0,10,3,24,0,0
0,1,0,0,10,3,24,0,0
0,0,0,1,2,1,9,0,0
0,1,0,0,10,3,23,0,0
0,1,1,1,14,5,41,0,0
0,1,1,1,14,5,41,0,0
0,0,1,0,3,2,11,0,0
0,0,0,1,2,1,9,0,0
0,1,0,1,2,2,8,0,0
0,1,0,1,2,2,8,0,0
0,0,0,0,1,1,2,0,0
1,1,0,0,29,9,84,0,0
0,1,0,0,10,3,24,0,0
0,1,0,0,3,2,14,0,0
0,1,0,0,3,2,14,0,0
0,0,0,0,1,1,6,0,0
0,1,0,1,2,2,8,0,0
0,1,1,1,29,6,85,0,0
0,1,0,0,3,2,14,0,0
0,1,1,1,14,5,41,0,0
0,1,1,1,29,6,86,0,0
0,1,0,0,12,8,39,0,0
0,1,0,1,2,2,8,0,0
0,1,1,0,9,6,29,0,0
0,1,0,0,10,3,24,0,0
0,1,0,0,10,3,24,0,0
1,1,0,1,14,6,48,0,0
0,1,0,1,2,2,10,0,0
0,1,1,1,7,4,27,0,0
0,1,0,1,2,2,8,0,0
0,1,0,1,2,2,8,0,0
0,0,0,1,12,2,37,0,0
0,1,0,1,2,2,7,0,0
0,1,1,1,2,2,10,0,0
0,0,0,1,5,2,19,0,0
0,0,0,0,7,4,22,0,1
0,0,0,1,5,2,19,0,0
0,0,0,0,1,1,8,0,0
0,1,1,1,4,2,12,0,0
0,1,0,0,13,5,38,0,0
0,1,0,1,2,2,10,0,0
0,0,0,1,5,2,18,0,0
1,1,0,1,14,6,48,0,0
0,1,0,0,2,2,7,0,0
0,1,0,0,12,8,39,0,0
0,0,0,1,2,1,5,0,0
0,1,0,0,4,2,4,0,0
0,1,0,1,2,2,10,0,0
0,0,0,1,2,1,5,0,0
0,1,1,1,10,4,34,0,0
0,1,0,1,2,2,10,0,0
0,1,0,1,4,4,11,0,0
1,0,0,1,6,2,20,0,0
0,1,1,0,4,2,14,0,0
0,1,0,1,2,2,10,0,0
0,0,0,0,0,0,0,0,0
1,1,0,0,3,2,16,0,0
1,0,0,0,3,3,11,0,0
0,1,0,1,3,2,10,0,0
1,0,0,0,3,3,11,0,0
0,1,0,0,3,2,9,0,0
0,1,0,1,2,2,10,0,0
0,1,0,0,6,2,20,0,0
0,0,0,1,5,2,21,0,0
0,1,0,0,6,2,18,0,0
0,1,0,0,13,4,37,0,0
0,0,1,1,6,2,18,0,0
0,0,1,1,12,2,38,0,0
0,1,1,1,10,4,22,0,0
0,0,1,0,8,5,23,0,1
0,0,1,1,6,2,18,0,0
0,1,0,0,13,4,37,0,0
0,0,0,1,12,2,38,0,0
0,0,1,1,2,2,6,0,0
0,1,1,0,8,5,23,0,0
0,0,1,1,6,2,18,0,0
0,0,0,1,7,3,18,0,0
1,1,0,1,3,3,11,0,0
0,1,0,0,11,3,29,0,0
1,0,1,1,2,2,7,0,0
1,1,0,0,12,8,42,0,0
0,0,0,1,1,1,3,0,0
0,1,0,0,10,3,24,0,0
0,1,0,0,10,3,24,0,0
0,0,0,0,0,0,0,0,0
0,0,0,1,5,4,17,0,0
0,0,0,1,5,4,16,0,0
0,1,0,1,2,2,8,0,0
0,0,0,0,2,2,5,0,0
0,1,0,0,11,7,35,0,0
0,1,0,0,13,4,37,0,0
0,1,0,1,2,2,8,0,0
0,0,0,1,5,4,15,0,0
0,0,1,1,6,2,18,0,0
0,1,0,1,3,3,10,0,0
1,1,0,1,3,3,12,0,0
0,0,1,1,6,2,18,0,0
0,1,0,1,2,2,8,0,0
0,1,0,1,3,3,8,0,0
0,1,0,1,2,2,8,0,0
0,0,1,1,2,2,6,0,0
0,1,0,0,13,4,37,0,0
0,0,1,1,2,2,6,0,0
0,1,0,1,3,3,11,0,0
0,1,0,1,2,2,8,0,0
0,1,0,1,2,2,5,0,0
0,1,0,1,2,2,7,0,0
1,1,0,1,8,3,23,0,0
0,1,0,1,2,2,7,0,0
0,1,1,0,8,5,21,0,0
0,0,0,1,5,2,18,0,0
0,0,0,1,3,2,11,0,0
0,1,0,0,10,3,24,0,0
0,0,0,0,1,1,2,0,0
0,0,0,1,6,5,21,0,0
0,0,0,1,3,3,11,0,0
0,1,0,1,3,3,8,0,0
1,0,0,1,2,2,8,0,0
0,1,0,0,6,3,12,0,0
1,1,0,1,3,3,14,0,0
1,0,0,1,1,1,5,0,0
1,0,0,1,1,1,5,0,0
0,1,0,1,3,3,9,0,0
0,0,0,0,1,1,5,0,0
0,0,0,1,1,1,5,0,0
1,0,0,1,1,1,4,0,0
1,0,0,1,1,1,4,0,0
0,0,0,1,5,2,19,0,0
0,0,0,1,1,1,5,0,0
0,0,0,1,3,2,11,0,0
0,0,0,0,1,1,3,1,0
1,0,0,1,2,2,9,0,0
0,1,0,0,2,2,5,0,0
0,0,0,0,1,1,4,0,0
0,1,0,1,2,2,8,0,0
0,0,0,0,1,1,5,0,0
1,0,0,1,1,1,4,0,0
0,1,0,0,2,2,4,0,0
0,0,0,0,0,0,0,0,0
0,0,0,0,1,1,1,0,0
0,1,0,1,3,3,7,0,0
0,0,0,1,1,1,2,0,0
0,0,0,0,1,1,6,0,0
0,0,0,0,1,1,2,0,0
0,0,0,0,1,1,1,1,0
0,0,0,0,1,1,1,1,0
0,0,1,0,2,2,5,0,0
0,0,0,1,2,2,6,0,0
1,1,1,0,10,3,27,0,0
0,0,1,1,9,3,27,0,0
0,0,1,0,2,2,5,0,0
1,0,0,1,2,2,8,0,0
0,0,0,0,1,1,2,0,0
0,0,0,0,1,1,2,0,0
0,1,0,1,7,5,24,0,0
1,0,0,1,2,2,8,0,0
1,0,0,1,2,2,8,0,0
0,0,0,0,1,1,5,0,0
1,0,1,1,2,2,8,0,0
1,0,0,1,1,1,6,0,0
0,1,0,0,5,3,14,0,0
1,0,1,1,2,2,6,0,0
1,0,1,1,4,3,16,0,0
0,1,0,0,5,3,16,0,0
0,0,1,1,9,3,26,0,0
0,1,0,1,2,2,9,0,0
0,0,0,1,1,1,7,0,0
0,1,0,1,2,2,8,0,0
0,0,1,1,9,3,27,0,0
0,0,1,1,9,3,28,0,0
1,1,0,1,3,3,10,0,0
0,1,0,1,3,3,8,0,0
0,1,0,0,13,4,37,0,0
1,1,0,1,2,2,5,0,0
0,1,0,1,2,2,9,0,0
0,0,0,0,0,0,0,0,0
0,0,0,0,0,0,0,0,0
0,0,1,1,9,3,28,0,0
0,0,0,1,1,1,4,1,0
1,1,0,1,3,3,10,0,0
0,1,0,0,3,2,11,0,0
0,0,0,0,1,1,4,0,0
0,1,0,1,2,2,8,0,0
0,1,0,1,2,2,9,0,0
1,0,0,0,1,1,5,0,0
0,1,1,0,7,5,20,0,0
0,1,0,1,9,4,28,0,0
0,1,0,1,6,3,16,0,0
0,0,0,1,1,1,2,0,0
0,1,0,0,14,6,45,0,0
0,1,0,1,6,3,18,0,0
0,1,0,1,2,2,8,0,0
0,0,0,1,1,1,3,0,0
0,0,1,1,6,2,17,0,0
0,0,0,0,1,1,5,0,0
0,1,1,0,25,10,76,0,0
1,0,0,1,2,2,6,0,0
0,1,0,1,7,6,22,0,0
0,0,1,1,2,2,6,0,0
0,1,0,0,3,2,15,0,0
0,1,0,0,12,8,44,0,0
1,1,0,1,8,3,24,0,1
0,1,1,0,5,2,16,0,0
0,1,1,0,5,2,16,0,0
0,1,0,1,4,3,12,0,0
0,0,0,1,12,2,38,0,0
0,1,0,1,6,3,18,0,0
0,0,1,1,2,2,6,0,0
0,1,0,0,5,3,15,0,0
0,1,0,0,5,3,15,0,0
1,1,0,1,8,8,22,0,1
0,1,0,1,4,3,13,0,0
1,0,0,1,2,2,6,0,0
0,1,0,1,2,2,9,0,0
0,1,1,0,6,4,23,0,0
1,1,0,0,11,4,26,0,0
1,0,1,0,4,4,14,0,0
0,1,0,1,4,3,9,0,0
0,1,0,1,4,3,9,0,0
0,1,0,1,4,3,15,0,0
0,1,0,1,2,2,9,0,0
0,0,1,0,2,2,5,0,0
0,0,1,1,2,2,6,0,0
1,1,0,0,5,3,15,0,0
1,1,0,0,5,3,15,0,0
0,1,0,1,2,2,8,0,0
0,1,0,0,5,3,15,0,0
0,1,0,0,5,3,15,0,0
0,1,0,0,5,3,15,0,0
1,0,0,0,1,1,3,0,0
0,1,0,1,2,2,8,0,0
0,0,0,1,1,1,7,0,0
0,0,1,0,2,2,6,0,0
0,1,0,1,2,2,9,0,0
0,0,1,0,4,3,8,0,0
0,1,0,0,5,3,15,0,0
0,1,0,0,5,3,15,0,0
0,1,1,1,10,4,22,0,0
0,1,0,1,2,2,8,0,0
0,1,0,0,12,8,39,0,0
0,1,0,0,12,8,39,0,0
0,1,1,0,6,4,23,0,0
0,0,1,1,4,2,13,0,0
0,1,0,0,3,2,8,0,0
0,1,0,1,2,2,6,0,0
0,1,0,0,13,4,37,0,0
0,0,0,1,12,2,35,0,0
0,1,1,0,5,3,14,1,0
0,1,1,0,24,9,67,0,0
0,1,0,0,9,3,28,0,0
0,0,0,1,12,2,34,0,0
0,0,1,1,2,2,7,0,0
0,0,0,0,1,1,4,0,0
0,0,0,0,1,1,4,0,0
0,1,0,0,13,5,36,0,0
0,0,0,0,0,0,0,0,0
0,1,0,0,12,4,37,0,0
0,0,0,0,1,1,1,0,0
0,1,0,1,4,3,12,0,0
0,0,1,0,2,2,11,0,0
0,1,1,1,2,2,6,0,0
0,1,1,1,2,2,6,0,0
1,1,0,0,2,2,6,0,0
0,0,1,0,4,2,13,0,0
0,0,0,0,1,1,3,0,0
0,0,0,0,1,1,1,0,0
0,1,0,0,13,5,36,0,0
1,1,0,1,3,3,8,0,0
0,1,0,0,13,5,36,0,0
0,1,1,1,8,6,29,0,0
0,0,0,0,1,1,4,0,0
0,0,0,1,6,5,20,0,0
0,0,1,1,2,2,6,0,0
0,0,1,1,2,2,11,0,0
0,0,1,1,2,2,11,0,0
0,0,0,1,6,5,19,0,0
0,0,1,1,2,2,6,0,0
0,1,0,1,4,4,10,0,0
0,1,0,1,2,2,11,0,0
0,0,1,1,2,2,12,0,0
0,1,0,1,9,3,28,0,0
0,0,0,0,1,1,4,0,0
0,0,0,0,1,1,4,0,0
0,0,0,1,1,1,4,0,0
1,1,0,0,6,4,17,0,0
0,0,1,1,2,2,6,0,0
1,0,1,1,2,2,7,0,0
1,1,0,0,6,4,17,0,0
0,1,1,1,6,3,29,0,0
0,0,0,1,2,1,6,0,0
0,0,0,0,1,1,4,0,0
0,0,1,1,2,2,6,0,0
0,1,1,1,6,3,29,0,0
0,0,0,1,1,1,4,0,0
0,1,0,1,5,3,14,0,0
0,1,0,1,5,2,18,0,0
1,1,0,0,3,3,8,0,0
1,0,1,1,3,2,10,0,0
0,0,0,1,6,5,23,0,0
0,1,0,0,4,2,9,0,0
0,1,1,0,6,5,18,0,0
1,0,0,1,21,5,62,0,0
1,0,1,1,5,3,19,0,0
0,1,1,0,14,4,43,0,0
0,0,0,1,2,2,6,0,0
0,1,0,0,10,3,23,0,0
0,0,0,1,14,2,44,0,0
1,1,1,0,7,4,19,0,0
0,1,1,0,8,6,23,0,0
0,0,1,1,9,3,30,0,0
0,1,0,1,2,2,11,0,0
0,0,1,1,12,2,39,0,0
1,1,0,0,13,5,38,0,0
0,0,1,1,5,3,19,0,0
0,0,1,1,5,3,17,0,0
1,1,0,0,4,3,12,0,0
0,1,0,1,2,2,10,0,0
0,0,0,0,1,1,4,0,0
0,0,0,0,1,1,4,0,0
0,0,0,1,1,1,3,0,0
0,0,0,1,1,1,7,0,0
0,1,0,1,9,2,20,0,0
0,1,0,0,3,3,7,0,0
1,0,0,1,1,1,4,0,0
0,0,0,0,1,1,4,0,0
1,1,0,0,8,3,25,0,0
0,1,0,1,2,2,9,0,0
1,1,1,0,5,3,15,0,0
1,1,0,0,13,5,38,0,0
0,1,1,1,3,3,7,0,0
0,1,0,0,4,3,12,0,0
0,1,0,0,4,3,12,0,0
0,1,1,1,3,3,14,0,0
0,1,1,1,3,3,14,0,0
0,0,1,1,12,2,40,0,0
0,1,0,0,3,3,15,0,0
0,0,0,0,0,0,0,0,0
0,1,0,0,14,3,44,0,0
0,0,1,1,6,3,19,0,0
0,1,0,1,3,3,10,0,0
0,0,0,0,1,1,4,0,0
0,0,0,0,1,1,3,0,0
0,1,0,1,3,3,10,0,0
0,0,0,1,1,1,3,0,0
0,1,0,0,3,3,10,0,0
0,0,0,0,1,1,3,0,0
0,0,0,1,1,1,4,0,0
0,1,0,0,14,3,43,0,0
0,1,0,0,14,3,43,0,0
0,1,0,0,2,2,9,0,0
0,0,0,0,1,1,2,0,0
0,0,1,1,9,3,28,0,0
0,0,1,1,5,5,22,0,1
0,1,1,0,14,4,44,0,0
1,0,0,0,1,1,5,0,0
0,0,0,0,1,1,2,0,0
0,1,1,1,7,4,19,0,0
0,1,0,1,21,7,62,0,0
0,1,0,1,8,5,32,0,0
0,0,0,0,0,0,0,0,0
0,0,0,0,2,2,6,0,0
0,0,0,0,0,0,0,0,0
0,0,1,0,4,2,14,0,0
0,1,0,1,2,2,7,0,0
0,1,0,0,3,2,17,0,0
0,1,0,0,3,2,17,0,0
0,1,0,1,9,4,41,0,0
0,1,0,1,2,2,6,0,0
0,1,0,1,2,2,6,0,0
0,1,1,0,23,8,63,0,0
0,0,1,0,4,2,13,0,0
0,0,1,1,12,2,37,0,0
0,0,1,0,5,3,17,0,0
0,0,1,0,2,2,4,0,0
1,1,0,0,9,3,25,0,0
0,0,1,0,2,2,8,0,0
0,1,0,1,8,5,39,0,0
0,0,1,1,2,2,9,0,0
0,0,0,0,1,1,2,0,0
0,0,0,0,7,3,22,0,0
0,0,0,1,3,3,13,0,0
0,0,1,0,4,2,10,0,0
0,0,0,0,1,1,2,0,0
0,0,1,0,4,2,10,0,0
0,0,0,0,0,0,0,0,0
0,1,0,0,2,2,7,0,0
0,1,0,1,2,2,11,0,0
0,1,1,1,23,10,65,0,0
0,1,0,0,3,2,11,0,0
0,1,0,1,2,2,7,0,0
0,1,0,1,8,4,24,0,0
0,1,0,1,8,4,24,0,0
0,1,0,1,2,2,7,0,0
0,1,0,1,2,2,7,0,0
0,1,0,1,2,2,9,0,0
0,1,1,1,8,4,26,0,1
0,1,0,1,11,4,33,0,0
0,1,0,1,2,2,10,0,0
0,1,0,1,11,4,31,0,0
0,0,0,0,1,1,2,0,0
0,1,1,0,8,4,20,0,0
0,0,0,1,3,3,13,0,0
0,0,0,0,1,1,2,0,0
0,0,0,0,1,1,3,0,0
0,0,0,0,2,2,13,0,0
0,1,1,1,8,4,28,0,1
0,1,0,1,2,2,8,0,0
0,1,0,1,11,4,34,0,0
0,0,1,1,2,2,7,0,0
0,0,1,1,3,3,10,0,0
0,0,1,0,3,2,8,0,0
0,0,1,1,2,2,4,1,0
0,0,0,0,1,1,5,0,0
1,1,0,1,3,3,17,0,0
0,0,1,1,12,2,37,0,0
1,0,0,0,1,1,4,0,0
0,0,1,0,3,2,8,0,0
0,0,1,0,3,2,8,0,0
1,1,0,1,3,3,17,0,0
0,0,1,1,2,2,7,0,0
0,0,0,0,1,1,3,0,0
0,1,0,0,11,5,31,0,0
0,1,0,1,2,2,9,0,0
0,1,0,0,20,7,57,0,0
0,0,0,0,1,1,4,0,0
0,1,0,1,2,2,9,0,0
1,0,0,1,6,3,19,0,0
0,0,1,1,9,3,27,0,0
0,0,0,0,7,3,21,0,0
0,0,0,0,1,1,3,0,0
0,0,0,0,1,1,3,0,0
0,1,0,1,2,2,10,0,0
0,1,1,1,7,3,23,0,0
0,1,0,1,2,2,10,0,0
1,0,0,0,1,1,6,0,0
1,0,0,0,1,1,6,0,0
0,1,0,1,11,4,34,0,0
0,1,0,1,2,2,7,0,0
0,1,0,1,2,2,11,0,0
0,0,0,1,1,1,2,0,0
0,0,1,1,2,2,6,0,0
1,0,1,1,6,2,19,0,0
0,0,0,1,12,2,37,0,0
0,1,0,1,2,2,11,0,0
0,1,0,1,2,2,5,0,0
0,0,0,0,1,1,1,1,0
0,0,0,1,1,1,0,0,0
0,1,0,1,2,2,5,0,0
0,0,0,0,1,1,4,0,0
0,1,0,0,10,3,26,0,0
0,0,0,0,4,2,11,0,0
0,0,1,1,2,2,6,0,0
0,1,0,1,5,3,15,0,0
0,1,0,1,2,2,10,0,0
0,0,0,1,12,2,36,0,0
0,1,0,1,2,2,11,0,0
0,1,0,1,20,5,59,0,0
0,1,0,1,4,3,14,0,0
0,1,1,1,8,4,26,0,1
0,1,0,1,2,2,7,0,0
0,1,0,1,2,2,11,0,0
0,0,0,0,3,3,16,0,0
0,0,0,0,3,3,16,0,0
0,0,0,0,4,2,10,0,0
0,1,0,1,2,2,10,0,0
0,0,1,1,9,3,27,0,0
0,1,0,1,10,1,20,0,0
0,1,0,1,2,2,10,0,0
0,1,0,1,2,2,10,0,0
0,0,1,1,9,3,26,0,0
0,0,0,0,1,1,4,0,0
0,0,1,1,8,2,26,0,0
0,1,0,1,2,2,10,0,0
0,1,0,0,10,3,26,0,0
0,1,0,1,2,2,4,0,0
0,1,0,1,2,2,4,0,0
0,0,0,0,2,2,6,0,0
0,0,1,1,2,2,6,0,0
0,1,0,1,2,2,4,0,0
0,1,0,0,7,6,23,0,0
0,1,0,1,2,2,10,0,0
0,1,0,0,2,2,8,0,0
0,0,0,0,3,3,16,0,0
0,1,0,1,2,2,10,0,0
0,0,1,1,9,3,25,0,0
0,1,0,0,15,4,45,0,0
0,1,0,1,5,5,15,0,0
1,1,1,1,39,6,116,0,0
0,1,1,0,4,2,11,0,0
0,1,0,1,2,2,10,0,0
0,0,0,0,1,1,4,0,0
0,0,0,0,2,2,6,0,0
0,0,0,0,1,1,3,0,0
1,1,1,0,14,4,38,0,0
1,0,1,1,5,3,12,0,0
0,0,0,1,2,1,6,0,0
0,0,0,0,1,1,5,0,0
0,1,0,1,2,2,12,0,0
0,0,1,1,8,2,23,0,0
0,1,0,0,10,3,27,0,0
0,1,0,1,2,2,10,0,0
0,0,0,0,1,1,5,0,0
0,1,0,1,3,2,9,0,0
1,0,0,0,2,2,7,0,0
0,0,0,0,1,1,3,0,0
0,0,0,0,1,1,2,0,0
0,1,0,1,4,3,18,0,0
0,1,0,1,2,2,8,0,0
0,1,0,1,3,2,18,0,0
0,1,0,1,2,2,10,0,0
0,1,0,1,4,3,18,0,0
1,0,0,1,3,3,9,0,0
0,1,0,1,2,2,11,0,0
0,0,0,0,1,1,2,0,0
0,0,0,0,8,2,20,0,0
0,1,0,1,2,2,10,0,0
0,1,0,1,2,2,8,0,0
0,0,0,1,1,1,4,0,0
0,1,0,1,8,7,23,0,0
0,1,0,1,8,7,23,0,0
0,1,0,1,7,6,19,0,0
0,0,0,1,2,1,6,0,0
0,1,0,0,10,3,26,0,0
0,1,0,1,5,4,19,0,0
0,1,0,1,2,2,10,0,0
0,1,1,1,7,7,31,0,0
0,1,0,1,2,2,8,0,0
0,1,0,1,5,4,19,0,0
0,1,0,1,13,5,40,0,0
0,1,0,1,13,5,40,0,0
0,1,0,1,2,2,6,0,0
0,1,0,1,13,5,40,0,0
0,1,0,1,2,2,8,0,0
0,0,0,1,3,3,13,0,0
0,1,0,1,2,2,8,0,0
0,1,0,1,2,2,8,0,0
0,1,0,1,2,2,10,0,0
0,1,0,1,2,2,8,0,0
0,0,0,0,0,0,0,0,0
0,1,0,1,2,2,8,0,0
0,1,0,1,2,2,8,0,0
0,1,0,1,2,2,8,0,0
0,1,0,1,2,2,8,0,0
0,1,0,1,3,3,10,0,0
0,1,0,1,2,2,10,0,0
1,0,0,1,2,1,8,0,0
1,0,1,1,2,2,7,0,0
0,0,0,0,1,1,4,0,0
0,1,0,0,2,2,4,0,0
0,1,0,1,3,3,10,0,0
1,0,1,1,2,2,7,0,0
0,1,0,1,2,2,6,0,0
0,1,0,0,3,3,10,0,0
1,0,1,1,2,2,7,0,0
0,1,0,1,2,2,6,0,0
0,0,1,1,9,3,26,0,0
0,1,0,0,3,3,8,0,0
0,0,0,0,1,1,8,0,0
0,0,0,1,1,1,4,0,0
0,0,0,1,1,1,7,0,0
0,1,0,1,2,2,10,0,0
1,1,0,0,4,4,14,0,0
0,0,0,1,1,1,5,0,0
0,0,0,0,1,1,6,0,0
0,0,0,0,1,1,5,0,0
0,1,0,0,10,3,23,0,0
0,0,0,1,1,1,6,0,0
0,0,0,0,0,0,0,0,0
0,1,0,1,2,2,6,0,0
0,0,1,0,3,2,10,0,0
0,0,0,0,0,0,0,0,0
0,0,0,1,2,2,10,0,0
1,0,0,1,9,4,25,0,0
0,0,0,1,3,3,18,0,0
0,1,0,0,15,4,52,0,0
0,1,0,1,5,3,13,0,0
0,1,0,0,2,2,8,0,0
0,1,0,1,13,6,41,0,0
0,1,0,0,2,2,6,0,0
0,0,0,1,1,1,4,0,0
0,1,0,0,2,2,7,0,0
0,1,0,0,12,5,53,0,0
0,0,0,0,2,2,12,0,0
0,1,0,1,4,4,10,0,0
0,1,0,1,4,4,10,0,0
0,1,0,1,4,4,10,0,0
0,1,0,0,3,2,13,0,0
0,0,1,1,6,2,17,0,1
0,1,0,1,4,4,10,0,0
0,0,0,0,8,4,29,0,0
0,1,0,0,3,3,10,0,0
0,0,0,1,1,1,5,0,0
1,1,0,1,10,3,33,0,0
0,1,0,1,2,2,8,0,0
1,1,0,1,10,3,33,0,0
0,1,0,1,2,2,8,0,0
0,0,0,0,4,3,21,0,0
0,0,0,1,1,1,4,0,0
1,1,0,0,2,2,9,0,0
0,0,0,0,1,1,5,0,0
0,0,1,1,2,2,7,0,0
1,1,0,0,2,2,9,0,0
0,0,1,1,6,2,16,0,1
0,0,0,0,1,1,4,0,0
0,0,0,1,1,1,4,0,0
0,0,0,0,8,4,31,0,0
0,1,0,1,2,2,8,0,0
0,1,0,1,2,2,6,0,0
0,0,1,0,2,2,9,0,0
0,0,0,1,1,1,5,0,0
0,1,0,0,4,4,12,0,0
0,0,0,1,5,2,21,0,0
0,1,0,1,3,3,11,0,0
0,0,0,1,1,1,3,0,0
1,0,0,1,3,2,13,0,0
0,0,0,1,3,2,12,0,0
0,0,0,1,3,2,12,0,0
0,1,0,1,2,2,8,0,0
0,1,0,0,9,5,28,0,0
0,0,0,1,1,1,5,0,0
0,0,0,0,1,1,4,0,0
0,0,0,1,5,4,16,0,0
0,0,0,0,1,1,6,0,0
0,0,0,1,5,4,16,0,0
0,0,0,1,5,4,16,0,0
0,0,0,0,1,1,6,0,0
0,0,0,1,1,1,5,0,0
0,0,1,1,2,2,8,0,0
0,1,1,1,9,6,26,0,0
0,1,0,0,17,5,58,0,0
0,1,0,1,2,2,8,0,0
0,1,0,1,2,2,8,0,0
0,0,0,1,11,2,62,0,0
0,0,0,1,1,1,5,0,0
0,1,1,1,39,6,115,0,0
0,0,0,0,1,1,2,0,0
0,0,0,0,3,2,12,0,0
1,0,0,0,1,1,6,0,0
0,0,0,1,1,1,5,0,0
0,0,0,1,4,4,14,0,0
0,1,0,1,2,2,8,0,0
0,0,0,0,1,1,8,0,0
0,1,0,1,2,2,8,0,0
0,1,0,0,2,2,6,0,0
0,0,0,0,1,1,8,0,0
0,0,0,1,1,1,5,0,0
0,0,0,0,2,2,9,0,0
0,0,0,1,4,4,13,0,0
0,1,0,1,2,2,9,0,0
0,0,0,0,1,1,2,0,0
0,1,0,0,18,6,59,0,0
0,1,0,0,18,6,59,0,0
0,0,0,1,1,1,6,0,0
0,1,0,1,7,4,23,0,0
1,1,0,1,19,5,61,0,0
0,0,0,0,1,1,14,0,0
0,1,1,1,6,4,24,0,0
0,0,0,0,1,1,14,0,0
0,0,0,1,1,1,5,0,0
0,0,0,0,1,1,14,0,0
0,1,0,1,2,2,8,0,0
0,1,0,1,2,2,8,0,0
0,0,0,1,1,1,5,0,0
0,0,0,0,1,1,8,0,0
0,1,1,0,6,4,22,0,0
0,1,0,1,2,2,8,0,0
0,0,0,1,1,1,5,0,0
0,0,0,1,1,1,5,0,0
0,0,0,0,1,1,6,0,0
0,0,0,0,1,1,8,0,0
0,0,0,0,1,1,8,0,0
0,0,0,1,5,2,19,0,0
0,0,0,1,5,2,19,0,0
0,1,0,0,3,3,12,0,0
0,0,0,1,5,2,19,0,0
0,0,0,1,3,2,8,0,0
0,0,0,0,1,1,8,0,0
0,1,0,0,13,4,45,0,0
0,1,0,1,2,2,8,0,0
0,0,0,0,1,1,8,0,0
0,1,0,1,2,2,8,0,0
0,0,0,0,1,1,9,0,0
0,0,1,0,2,2,7,0,0
0,0,0,0,1,1,6,0,0
0,0,0,0,1,1,6,0,0
0,1,0,1,11,4,34,0,0
0,1,0,1,11,4,34,0,0
0,1,1,0,5,2,18,0,0
0,0,0,0,1,1,15,0,0
0,0,0,0,3,3,7,0,0
0,1,1,0,5,2,18,0,0
0,0,0,0,1,1,15,0,0
0,0,0,0,1,1,15,0,0
0,0,0,0,1,1,19,0,0
0,0,0,0,1,1,19,0,0
0,1,0,1,2,2,6,0,0
0,0,0,1,1,1,2,0,0
0,0,0,0,1,1,15,0,0
0,0,0,0,1,1,15,0,0
0,0,0,0,1,1,8,0,0
0,0,0,0,1,1,8,0,0
0,0,0,1,1,1,2,0,0
0,1,0,1,2,2,6,0,0
0,0,0,0,1,1,12,0,0
0,0,0,0,1,1,12,0,0
1,0,0,0,1,1,6,0,0
0,1,0,1,8,3,21,0,0
0,0,1,1,6,2,18,0,1
0,1,0,1,3,2,19,0,0
1,0,1,0,2,2,9,0,0
0,0,0,1,1,1,6,0,0
0,0,0,0,1,1,5,0,0
0,1,0,1,5,3,13,0,0
1,0,1,0,2,2,9,0,0
0,0,0,1,5,2,22,0,0
0,0,0,1,5,2,22,0,0
0,1,0,1,2,2,9,0,0
0,0,1,1,9,3,28,0,0
0,0,1,1,9,3,28,0,0
0,0,0,0,2,2,8,0,0
0,0,1,1,2,2,6,0,0
0,0,0,0,1,1,3,0,0
0,1,1,1,6,3,18,0,0
1,1,0,0,5,2,17,0,0
1,1,0,0,5,2,19,0,0
0,0,0,0,1,1,12,0,0
1,1,0,0,3,2,14,0,0
0,0,0,1,4,2,9,0,0
0,1,0,1,2,2,9,0,0
0,1,0,1,2,2,9,0,0
1,1,0,0,3,2,14,0,0
0,0,0,0,1,1,18,0,0
0,0,0,0,1,1,18,0,0
0,0,0,0,1,1,5,0,0
0,1,0,0,3,3,9,0,0
0,1,0,0,2,2,3,0,0
0,0,0,0,0,0,0,0,0
0,0,1,0,2,2,8,0,0
0,0,1,0,2,2,11,0,0
0,0,1,0,2,2,11,0,0
0,1,0,0,4,3,12,0,0
0,0,0,0,0,0,0,0,0
0,0,0,0,0,0,0,0,0
0,0,0,0,1,1,13,0,0
0,0,0,0,0,0,0,0,0
0,0,0,0,1,1,13,0,0
1,1,0,0,3,2,14,0,0
0,0,0,0,1,1,12,0,0
0,0,0,0,1,1,12,0,0
0,1,1,1,6,3,18,0,0
1,1,0,0,3,2,14,0,0
0,1,0,1,3,3,9,0,0
1,1,0,0,3,2,10,0,0
1,1,0,0,3,2,10,0,0
1,1,0,0,3,2,14,0,0
0,0,1,1,3,2,9,0,0
0,0,0,0,1,1,14,0,0
0,0,0,0,1,1,14,0,0
0,0,0,0,1,1,14,0,0
0,0,0,0,1,1,14,0,0
0,0,0,1,1,1,3,0,0
0,1,0,0,9,2,27,0,0
0,1,0,0,4,3,17,0,0
0,0,0,0,3,3,6,0,0
0,1,0,1,8,3,22,0,0
0,1,0,0,2,2,3,0,0
1,0,0,1,5,2,18,0,0
1,0,0,1,5,2,18,0,0
0,0,1,0,4,4,12,0,0
1,0,0,1,5,2,18,0,0
0,0,1,0,3,3,9,0,0
0,1,0,0,2,2,6,0,0
0,1,0,1,3,2,7,0,0
0,1,0,1,3,3,14,0,0
0,1,0,0,4,3,14,0,0
1,1,0,0,2,2,12,0,0
1,1,0,0,2,2,12,0,0
1,1,0,0,2,2,12,0,0
1,0,0,1,5,2,18,0,0
0,0,1,1,5,2,23,0,0
0,0,0,0,0,0,0,0,0
0,1,0,1,3,2,11,0,0
0,0,1,1,5,2,23,0,0
1,0,1,1,2,2,10,0,0
0,0,0,0,0,0,0,0,0
0,1,1,1,6,2,24,0,0
0,1,1,1,8,5,23,0,0
0,1,0,1,11,6,32,0,0
0,0,0,0,5,2,19,0,0
0,0,1,1,5,2,23,0,0
0,0,1,1,5,2,23,0,0
0,0,1,1,5,2,23,0,0
0,0,1,1,9,3,27,0,0
0,0,1,1,9,3,27,0,0
0,1,0,0,6,2,16,0,0
0,0,0,0,1,1,6,0,0
1,1,0,0,3,2,13,0,0
1,0,0,1,1,1,6,0,0
1,1,0,0,3,2,13,0,0
0,0,0,0,1,1,5,0,0
0,1,0,1,3,2,15,0,0
0,0,0,1,1,1,2,0,0
0,1,1,1,10,6,81,0,0
1,1,0,0,3,2,15,0,0
0,0,0,1,1,1,4,0,0
0,0,0,0,0,0,0,0,0
0,0,0,1,1,1,3,0,0
0,0,1,0,2,2,5,0,0
1,0,0,1,5,2,18,0,0
0,0,0,0,1,1,4,0,0
1,1,0,0,3,2,11,0,0
0,0,1,0,2,2,6,0,0
0,0,0,0,0,0,0,0,0
1,0,1,1,2,2,6,0,0
0,1,1,1,38,5,115,0,0
0,1,1,1,38,5,114,0,0
0,0,1,0,2,2,5,0,0
0,1,0,1,2,2,7,0,0
0,0,1,1,10,3,29,0,0
0,0,0,0,0,0,0,0,0
0,1,0,0,5,3,12,0,0
0,0,0,0,1,1,5,0,0
1,1,0,0,15,6,45,0,0
0,1,0,1,2,2,7,0,0
0,0,0,1,5,2,18,0,0
0,0,0,0,0,0,0,0,0
0,0,0,0,0,0,0,0,0
1,1,0,1,10,3,26,0,0
0,1,0,0,5,4,21,0,0
0,1,0,0,8,4,22,0,0
0,0,0,0,0,0,0,0,0
0,1,0,1,3,3,9,0,0
0,0,0,0,1,1,5,0,0
0,0,0,0,1,1,2,0,0
0,0,0,0,0,0,0,0,0
1,1,0,1,3,2,10,0,0
0,1,0,0,2,2,4,0,0
0,0,0,0,1,1,2,0,0
0,0,1,1,3,2,7,0,0
0,0,0,1,1,1,2,0,0
0,1,0,1,5,4,15,0,0
1,1,1,0,7,3,21,0,0
0,0,0,1,2,2,6,0,0
0,0,0,0,1,1,6,0,0
1,0,0,0,1,1,5,0,0
0,1,0,0,7,5,23,0,0
0,1,0,0,2,2,6,0,0
0,0,1,1,2,2,5,0,0
0,1,0,1,4,3,12,0,0
0,0,0,1,3,2,9,0,0
0,1,0,0,2,2,7,0,0
0,0,0,0,1,1,4,0,0
0,0,1,1,2,2,5,0,0
0,0,0,0,1,1,2,0,0
0,0,0,1,1,1,2,0,0
0,1,0,0,2,2,5,0,0
0,0,0,0,1,1,5,0,0
0,0,0,1,2,2,5,0,0
0,0,0,1,3,3,10,0,0
0,0,0,0,1,1,6,0,0
0,0,1,0,4,4,14,0,0
0,0,1,1,2,2,10,0,0
0,1,0,1,3,3,9,0,0
1,0,0,1,21,5,63,0,0
1,0,1,1,2,2,8,0,0
0,0,0,0,2,2,13,0,0
1,0,0,0,3,3,11,0,0
0,1,0,1,3,2,11,0,0
1,0,0,0,3,3,11,0,0
1,0,1,1,2,2,12,0,0
0,0,0,1,1,1,3,0,0
1,0,0,0,1,1,3,0,0
0,0,0,1,21,5,64,0,0
0,0,0,0,2,2,6,0,0
0,1,0,1,11,4,27,0,0
0,0,0,1,1,1,3,0,0
0,1,0,1,35,3,87,0,0
0,0,1,0,8,4,24,0,0
0,0,0,0,6,4,15,0,0
0,1,0,0,2,2,10,0,0
0,1,0,0,2,2,7,0,0
0,0,0,0,1,1,6,0,0
0,1,0,0,2,2,6,0,0
0,1,0,0,2,2,8,0,0
0,1,0,0,2,2,6,0,0
0,1,0,0,9,2,25,0,0
0,1,0,0,2,2,8,0,0
0,0,0,0,1,1,2,0,0
0,1,0,0,2,2,8,0,0
1,0,0,0,1,1,5,0,0
0,0,0,0,1,1,2,0,0
0,0,0,1,1,1,3,0,0
0,0,0,1,4,3,12,0,0
0,0,0,0,1,1,3,0,0
0,0,0,1,1,1,3,0,0
0,0,0,1,1,1,3,0,0
0,0,0,1,1,1,3,0,0
0,1,0,1,2,2,5,0,0
0,0,0,1,4,3,12,0,0
0,1,0,0,2,2,6,0,0
0,0,0,1,1,1,3,0,0
0,1,0,0,2,2,6,0,0
0,0,0,0,1,1,3,0,0
0,0,0,1,3,2,7,0,0
0,0,0,1,4,4,13,0,0
0,1,0,0,2,2,10,0,0
0,0,0,0,21,6,59,0,0
0,1,0,1,2,2,5,0,0
0,1,0,1,14,4,44,0,0
0,1,0,0,3,3,8,0,0
0,0,0,0,2,2,9,0,0
0,0,1,1,3,2,9,0,0
0,0,0,0,1,1,3,0,0
0,0,1,1,3,2,9,0,0
0,1,0,0,5,3,24,0,0
0,1,0,1,4,3,10,0,0
0,1,0,0,2,2,7,0,0
0,0,1,1,3,2,12,0,0
0,1,0,0,3,3,11,0,0
0,0,0,0,2,2,9,0,0
0,0,0,1,11,2,63,0,0
0,1,0,1,3,2,16,0,1
1,1,0,0,2,2,7,0,0
0,0,0,0,1,1,3,0,0
0,1,0,1,3,3,11,0,0
0,1,1,0,9,5,26,0,0
0,0,0,0,1,1,6,0,0
0,0,1,1,3,2,10,0,0
0,0,0,1,1,1,4,0,0
0,0,0,1,1,1,2,0,0
0,0,0,0,0,0,0,0,0
0,0,0,1,2,2,6,0,0
0,0,0,0,1,1,2,0,0
1,1,0,1,3,3,10,0,0
0,0,0,0,1,1,4,0,0
0,1,0,1,3,3,9,0,0
0,0,0,1,1,1,3,0,0
0,1,0,0,8,2,28,0,0
0,0,0,0,0,0,0,0,0
0,0,0,0,0,0,0,0,0
0,0,0,0,0,0,0,0,0
1,1,0,1,14,4,50,0,0
0,1,0,0,3,2,12,0,0
0,0,0,0,1,1,2,0,0
0,1,1,1,12,7,38,0,1
0,0,0,0,2,2,6,0,0
0,1,0,0,3,2,12,0,0
0,0,0,0,1,1,5,0,0
0,1,0,0,2,2,5,0,0
0,0,0,1,12,4,35,0,1
0,1,0,0,3,3,7,0,0
0,1,0,0,3,3,7,0,0
0,1,0,1,9,6,27,0,0
0,0,0,1,4,3,17,0,1
0,1,0,0,7,4,19,0,0
0,1,0,0,5,5,14,0,0
0,1,0,0,7,4,19,0,0
0,0,0,0,1,1,2,0,0
0,0,0,0,1,1,6,0,0
0,1,0,0,2,1,4,0,0
0,1,0,0,2,1,4,0,0
0,0,0,0,0,0,0,0,0
1,0,0,0,2,2,6,0,0
1,0,0,0,2,2,6,0,0
0,1,0,0,7,4,17,0,0
1,0,0,0,1,1,4,0,0
0,1,0,0,11,5,35,0,0
0,0,0,1,1,1,3,0,0
0,0,0,1,1,1,3,0,0
0,0,0,0,3,3,9,0,0
0,0,0,0,1,1,4,0,0
0,0,0,1,5,2,17,0,0
0,0,0,1,10,4,25,0,1
0,1,0,0,3,2,11,0,0
0,1,0,0,7,4,17,0,0
0,1,0,1,6,5,22,0,0
0,0,0,1,4,3,12,0,0
0,0,0,0,0,0,0,0,0
0,0,0,0,0,0,0,0,0
0,0,0,0,0,0,0,0,0
0,0,0,0,0,0,0,0,0
0,0,0,0,1,1,2,0,0
0,0,0,0,1,1,5,0,0
0,1,0,0,4,3,11,0,0
0,0,0,1,1,1,4,0,0
0,0,1,1,4,3,38,0,0
1,1,0,1,4,3,11,0,0
0,1,0,0,3,2,7,0,0
0,1,0,0,7,4,19,0,0
1,0,1,1,3,2,9,0,0
0,1,0,1,5,4,14,0,0
1,0,1,0,2,2,6,0,0
0,0,0,1,1,1,9,0,0
0,1,0,0,1,1,3,0,0
0,0,0,0,0,0,0,0,0
0,1,0,1,3,3,9,0,0
0,0,0,0,1,1,2,0,0
0,0,0,0,1,1,4,0,0
0,1,0,0,4,4,12,0,0
0,1,0,1,3,2,7,0,0
0,0,0,0,0,0,0,0,0
0,1,0,0,10,3,29,0,0
0,1,0,0,10,3,28,0,0
0,0,0,0,1,1,4,0,0
0,1,0,0,14,3,38,0,0
0,1,0,0,2,2,3,0,0
0,1,0,0,8,4,22,0,0
0,0,0,1,1,1,3,0,0
0,1,0,0,5,4,16,0,0
0,1,0,0,2,2,7,0,0
0,1,0,1,7,4,22,0,0
0,0,0,0,2,2,12,0,0
0,0,0,0,0,0,0,0,0
0,1,0,0,8,4,20,0,0
0,1,0,1,3,3,9,0,0
0,1,0,1,3,3,9,0,0
0,1,0,0,8,4,20,0,0
0,1,0,1,3,3,9,0,0
0,1,0,1,3,2,8,0,0
0,1,0,1,3,3,10,0,0
0,1,0,1,4,4,15,0,0
0,0,0,0,0,0,0,0,0
0,0,0,1,1,1,5,0,0
0,0,0,0,0,0,0,0,0
0,0,0,0,0,0,0,0,0
1,1,1,0,8,6,24,0,0
0,1,0,0,2,2,2,0,0
1,1,1,0,8,6,24,0,0
0,1,0,0,8,4,21,0,0
1,0,0,0,1,1,4,0,0
0,0,1,0,2,2,6,0,0
0,1,0,1,6,4,15,0,0
0,1,0,0,2,2,4,0,0
0,1,0,1,3,2,8,0,0
0,0,0,0,2,1,12,0,0
0,0,1,1,4,3,36,0,0
1,0,1,1,5,4,16,0,0
0,1,0,1,3,3,9,0,0
0,1,0,0,10,3,28,0,0
0,1,0,1,4,2,17,0,0
0,1,0,1,3,2,14,0,0
0,1,0,1,3,2,14,0,0
1,1,0,0,3,2,8,0,0
0,0,0,0,0,0,0,0,0
0,0,0,0,0,0,0,0,0
0,1,0,1,9,3,36,0,0
0,0,0,0,1,1,2,0,0
0,1,0,0,5,4,13,0,0
0,0,0,0,0,0,0,0,0
0,0,0,1,1,1,5,0,0
0,0,0,0,0,0,0,0,0
0,0,0,0,1,1,4,0,0
0,0,0,0,1,1,7,0,0
0,0,0,0,6,2,27,0,0
0,0,0,0,1,1,5,0,0
0,0,0,0,1,1,3,0,0
0,1,0,1,4,4,15,0,0
0,1,0,1,3,3,9,0,0
0,1,0,1,15,3,45,0,0
0,1,0,1,9,3,36,0,0
0,1,0,0,4,3,14,0,0
0,1,0,0,4,3,14,0,0
0,1,0,1,5,3,14,0,0
0,0,0,0,2,2,5,0,0
0,1,0,1,10,4,30,0,0
0,0,0,0,1,1,3,0,0
0,0,0,0,3,2,8,0,0
0,1,0,1,8,3,25,0,0
1,1,0,1,3,3,10,0,0
0,1,0,1,4,3,14,0,0
0,1,0,0,3,2,12,0,0
0,1,0,0,3,2,12,0,0
1,1,0,1,3,3,8,0,0
0,0,0,0,3,2,9,0,0
1,0,0,1,7,3,28,0,0
1,0,0,1,7,3,28,0,0
0,0,1,0,2,2,8,0,0
0,1,0,1,4,2,10,0,0
0,0,0,1,2,1,6,0,0
0,0,0,0,0,0,0,0,0
0,0,0,1,4,2,11,0,0
0,1,1,1,3,2,17,0,0
0,0,0,1,1,1,3,0,0
0,1,0,0,2,2,5,0,0
0,1,0,0,2,2,4,0,0
0,0,0,0,0,0,0,0,0
0,0,0,1,1,1,2,0,0
0,0,0,0,7,5,27,0,0
0,1,1,0,8,3,19,0,0
0,1,0,0,8,4,21,0,0
0,0,0,1,4,3,11,0,0
0,0,0,1,4,3,12,0,0
0,0,0,1,2,2,12,0,0
0,0,0,0,2,2,9,0,0
0,0,0,1,4,3,10,0,0
0,0,0,1,2,2,5,0,0
0,0,0,1,4,3,10,0,0
0,0,0,0,7,5,27,0,0
0,0,0,0,7,5,27,0,0
0,1,0,1,3,2,19,0,0
0,0,0,1,3,3,9,0,0
0,1,0,1,5,3,17,0,0
0,1,0,0,2,2,5,0,0
0,0,0,0,7,5,26,0,0
0,1,0,0,7,5,21,0,0
0,1,0,0,2,2,6,0,0
0,1,0,0,4,4,8,0,0
0,0,0,0,0,0,0,0,0
0,1,0,1,3,1,24,0,0
0,0,1,0,2,2,7,0,0
0,0,0,1,2,2,8,0,0
0,0,0,1,3,2,7,0,0
0,0,0,0,2,2,5,0,0
0,1,0,0,5,4,14,0,0
0,0,0,0,1,1,2,0,0
0,1,0,0,5,3,17,0,0
0,0,0,1,5,3,12,0,1
0,0,0,1,4,3,12,0,0
0,1,0,0,5,3,17,0,0
0,0,0,0,2,2,5,0,0
0,1,0,1,3,3,10,0,0
0,1,0,0,2,2,8,0,0
0,0,0,0,0,0,0,0,0
0,1,0,0,5,4,15,0,0
0,1,0,1,3,3,7,0,0
0,1,0,0,3,3,11,0,0
0,0,1,1,2,2,8,0,0
0,0,0,1,4,3,10,0,0
0,0,0,1,4,3,10,0,0
0,0,0,1,4,2,13,0,1
0,0,1,1,2,2,8,0,0
0,0,0,0,2,2,7,0,0
0,1,0,0,2,2,6,0,0
1,0,0,0,1,1,3,0,0
0,0,0,1,12,6,34,0,1
0,0,0,0,1,1,4,0,0
0,0,0,0,5,3,15,0,0
0,0,0,0,1,1,2,0,0
0,0,0,0,0,0,0,0,0
1,0,0,1,2,2,5,0,0
0,0,0,1,1,1,6,0,0
0,0,0,1,1,1,3,0,0
0,0,0,0,1,1,3,0,0
0,0,0,0,1,1,2,0,0
0,1,0,1,5,3,16,0,0
0,0,1,1,3,3,8,0,0
0,1,0,1,5,3,16,0,0
0,0,1,0,2,2,9,0,0
0,0,1,0,2,2,9,0,0
0,0,1,0,2,2,9,0,0
0,1,0,0,4,1,12,0,0
0,1,0,1,2,2,3,0,0
0,1,0,1,2,2,3,0,0
0,1,0,0,2,2,6,0,0
1,1,1,0,3,3,9,0,0
1,0,0,0,3,2,9,0,0
0,0,0,1,5,2,22,0,0
1,1,0,0,7,3,23,0,0
0,0,0,0,1,1,2,0,0
0,0,0,0,1,1,2,0,0
0,0,0,0,1,1,2,0,0
0,0,0,0,2,2,7,0,0
0,0,0,1,3,2,12,0,0
0,1,0,0,2,2,5,0,0
0,1,1,1,7,4,22,0,0
0,0,1,0,2,2,9,0,0
0,0,0,1,2,2,8,0,0
0,0,0,0,1,1,7,0,0
0,0,0,1,3,2,12,0,0
0,0,0,0,0,0,0,0,0
0,0,1,1,2,2,9,0,0
0,0,0,1,7,4,19,0,1
0,0,0,0,0,0,0,0,0
0,0,0,1,7,4,17,0,1
0,1,0,1,20,2,59,0,1
0,1,0,0,11,5,27,0,0
0,0,0,0,1,1,3,0,0
0,0,0,0,2,2,6,0,0
0,0,0,0,1,1,8,0,0
0,1,1,0,6,4,22,0,0
0,1,1,0,6,4,22,0,0
0,0,0,1,6,3,11,0,0
0,1,0,1,3,3,14,0,0
0,1,0,0,4,3,18,0,0
0,0,0,1,8,3,24,0,1
0,0,0,1,2,2,7,0,0
0,0,0,0,0,0,0,0,0
0,0,0,1,3,3,9,0,0
0,0,1,0,2,2,12,0,0
0,0,0,0,0,0,0,0,0
0,1,1,0,6,4,22,0,0
0,0,0,1,1,1,2,0,0
0,0,0,0,0,0,0,0,0
0,1,0,0,2,2,13,0,0
0,1,0,0,2,2,10,0,0
1,0,1,1,4,4,16,0,0
1,0,1,1,4,4,16,0,0
0,0,0,1,3,3,9,0,0
0,0,0,0,2,1,6,0,0
0,0,0,0,1,1,7,0,0
0,0,0,0,2,1,4,0,0
0,0,0,1,0,0,0,0,0
0,1,1,0,6,4,22,0,0
0,1,1,0,6,4,21,0,0
0,1,1,0,6,4,21,0,0
0,0,0,1,2,2,9,0,0
0,0,0,1,4,2,9,0,1
0,0,0,0,1,1,1,0,0
0,1,0,1,3,1,6,0,0
0,0,0,0,0,0,0,0,0
0,1,1,1,7,5,22,0,0
0,1,1,0,6,5,15,0,1
0,0,0,0,2,2,5,0,0
0,0,0,0,0,0,0,0,0
0,0,0,0,2,2,6,0,0
0,1,0,0,3,3,9,0,0
0,0,0,0,1,1,4,0,0
0,0,0,0,1,1,6,0,0
0,0,0,1,4,4,12,0,0
0,0,0,0,1,1,7,0,0
0,0,0,0,0,0,0,0,0
0,0,0,1,1,1,5,0,0
1,0,0,0,2,2,7,0,0
1,0,0,0,4,3,13,0,0
0,0,0,0,1,1,5,0,0
0,0,1,1,3,2,16,1,0
1,0,0,0,2,2,7,0,0
0,0,0,1,3,3,9,0,0
0,0,0,0,2,2,10,0,0
0,0,1,1,2,2,5,0,0
0,1,0,0,3,1,9,0,0
0,1,0,0,2,2,4,0,0
0,0,1,0,2,2,5,0,0
0,0,0,1,1,1,1,0,0
0,0,0,1,1,1,4,0,0
0,0,0,1,4,3,13,0,0
0,0,0,0,1,1,3,0,0
0,0,0,0,0,0,0,0,0
0,1,0,0,3,2,14,0,0
0,0,0,0,0,0,0,0,0
0,1,0,1,15,5,41,0,0
0,0,0,1,2,2,8,0,0
0,0,1,0,2,2,17,0,0
0,0,0,0,0,0,0,0,0
0,0,1,0,2,2,7,0,0
0,1,0,0,2,2,17,0,0
0,0,0,1,3,3,9,0,0
0,1,0,1,2,2,6,0,0
0,0,0,1,3,2,10,0,0
1,1,0,0,7,4,18,0,0
0,0,0,0,1,1,3,0,0
0,1,0,0,2,2,6,0,0
0,1,0,0,2,2,17,0,0
1,0,0,1,6,6,15,0,0
0,1,0,0,2,2,17,0,0
0,1,0,0,2,2,17,0,0
0,1,0,0,2,2,17,0,0
0,1,0,0,2,2,17,0,0
1,0,0,1,1,1,6,0,0
0,1,0,0,2,2,17,0,0
1,0,0,1,1,1,6,0,0
0,1,0,1,2,2,5,0,0
1,0,0,1,1,1,6,0,0
1,0,0,1,1,1,3,0,0
0,0,0,0,1,1,4,0,0
0,1,0,0,2,2,17,0,0
0,1,0,0,2,2,17,0,0
0,1,0,0,2,2,6,0,0
0,0,0,0,0,0,0,0,0
0,0,0,1,6,3,19,0,0
1,1,0,1,4,3,17,0,0
0,1,0,0,2,2,10,0,0
0,0,0,1,1,1,4,0,0
0,0,0,1,4,2,9,0,1
0,1,0,0,2,2,19,0,0
0,0,0,1,4,2,9,0,1
0,0,0,1,3,3,9,0,0
0,1,0,0,2,2,6,0,0
0,1,0,0,2,2,19,0,0
0,1,0,0,2,2,16,0,0
0,1,0,1,4,3,20,0,0
0,1,0,0,2,2,14,0,0
0,0,0,0,1,1,5,0,0
0,1,0,0,2,2,18,0,0
0,1,0,0,2,2,3,0,0
0,1,0,1,4,4,13,0,0
0,1,0,0,2,2,6,0,0
0,0,0,0,1,1,2,0,0
0,0,0,1,1,1,5,0,0
0,0,0,1,2,1,3,0,0
0,1,1,1,6,4,21,0,0
0,0,0,1,1,1,1,0,0
0,0,0,0,1,1,3,0,0
0,0,0,0,1,1,3,0,0
0,1,0,0,3,1,9,0,0
0,1,0,0,3,1,9,0,0
0,1,0,1,4,1,15,0,0
0,0,0,1,6,3,15,0,0
0,0,0,0,1,1,4,0,0
0,0,0,1,1,1,6,0,0
0,1,0,0,7,2,21,0,0
0,1,0,0,7,4,17,0,0
0,1,0,1,20,2,38,0,0
0,1,1,1,6,4,26,0,0
0,0,0,1,2,2,5,0,0
0,0,0,1,2,2,5,0,0
0,1,0,1,5,2,24,0,0
0,0,0,1,3,3,12,0,0
0,1,1,1,6,4,26,0,0
0,0,0,1,1,1,8,0,0
0,0,0,0,0,0,0,0,0
0,1,0,0,7,4,18,0,0
0,0,0,0,1,1,3,0,0
0,0,0,0,1,1,3,0,0
0,0,0,0,0,0,0,0,0
0,1,0,1,2,2,8,0,0
0,0,0,0,0,0,0,0,0
0,1,0,0,3,3,7,0,0
0,0,0,1,2,2,5,0,0
0,0,0,0,1,1,2,0,0
0,1,0,0,2,2,7,0,0
0,0,0,0,0,0,0,0,0
0,0,0,0,2,1,4,0,0
1,1,0,0,7,4,18,0,0
1,1,0,0,7,4,18,0,0
0,0,0,0,0,0,0,0,0
0,0,0,0,0,0,0,0,0
0,0,0,1,2,1,4,0,0
0,0,0,0,1,1,3,0,0
0,0,0,0,0,0,0,0,0
0,0,0,0,0,0,0,0,0
0,1,0,1,5,2,17,0,0
0,1,0,1,5,2,17,0,0
0,0,0,1,2,1,6,0,0
0,1,0,0,5,4,13,0,1
0,1,0,1,8,4,23,0,1
0,1,0,1,5,2,11,0,0
0,1,0,0,5,4,13,0,1
0,1,0,1,8,4,23,0,1
0,1,0,0,5,4,13,0,1
0,0,0,1,8,3,23,0,0
0,1,0,1,4,4,9,0,0
0,1,0,1,3,2,10,0,0
0,1,0,0,7,4,20,0,0
0,0,0,0,0,0,0,0,0
0,1,0,1,3,3,11,0,0
0,0,0,0,1,1,3,0,0
0,0,0,0,0,0,0,0,0
0,1,0,1,3,3,12,0,0
0,1,0,1,4,4,9,0,0
0,0,0,0,0,0,0,0,0
0,0,0,0,1,1,2,0,0
0,0,0,0,1,1,2,0,0
0,0,0,0,1,1,3,0,0
0,0,0,1,2,2,7,0,0
0,0,0,0,1,1,8,0,0
0,0,1,1,2,2,4,0,0
0,1,0,0,4,2,19,0,0
0,1,0,0,7,4,20,0,0
0,1,0,0,2,2,7,0,0
0,1,0,0,7,4,19,0,0
0,1,0,0,7,4,19,0,0
0,1,0,1,3,1,6,0,0
0,1,0,1,2,2,7,0,0
0,1,1,1,65,7,182,0,1
0,0,0,1,2,2,5,0,0
0,0,0,1,2,1,6,0,0
0,1,0,1,3,1,9,0,0
0,0,0,1,10,4,21,0,1
0,0,1,1,9,6,32,0,1
0,0,0,1,2,1,4,0,0
0,1,0,0,7,4,18,0,0
0,0,0,1,0,0,0,0,0
0,1,0,1,2,2,6,0,0
0,1,0,1,2,2,6,0,0
0,0,1,1,2,2,6,0,0
0,0,0,0,2,1,6,0,0
0,0,0,0,0,0,0,0,0
0,0,0,0,2,1,4,0,0
0,0,0,0,2,1,6,0,0
0,0,0,1,2,2,5,0,0
0,0,0,1,2,2,5,0,0
0,0,0,0,2,1,2,0,0
0,0,0,0,2,2,7,0,0
0,0,0,1,2,1,4,0,0
0,0,0,0,1,1,4,0,0
0,0,0,0,0,0,0,0,0
0,0,0,1,9,4,21,0,1
0,1,0,1,2,2,4,0,0
0,0,0,1,1,1,4,0,0
0,0,0,0,1,1,1,0,0
0,0,0,1,1,1,3,0,0
0,0,0,0,0,0,0,0,0
0,0,0,0,4,3,14,0,0
0,0,0,1,2,1,6,0,0
0,1,0,0,4,3,17,0,0
0,0,0,0,0,0,0,0,0
0,0,0,0,0,0,0,0,0
1,0,0,1,6,6,15,0,0
0,0,0,0,2,2,4,0,0
0,1,0,1,3,1,3,0,0
0,1,0,1,3,1,3,0,0
0,1,0,0,2,2,6,0,0
0,0,0,1,2,2,4,0,0
0,1,0,0,7,4,18,0,0
0,0,0,0,2,1,6,0,0
0,0,0,1,3,2,6,0,0
0,1,0,0,2,2,8,0,0
0,0,0,0,1,1,3,0,0
0,0,0,0,2,1,4,0,0
0,0,0,0,2,1,4,0,0
0,0,0,0,2,1,4,0,0
0,0,0,0,2,1,4,0,0
0,1,0,0,2,2,6,0,0
0,0,0,0,1,1,1,0,0
0,0,0,0,1,1,1,0,0
0,1,0,0,7,4,24,0,0
0,1,0,0,18,8,54,0,0
0,1,0,0,3,2,10,0,0
0,0,0,0,1,1,3,0,0
0,0,0,1,6,3,15,0,0
0,1,0,0,3,1,6,0,0
0,0,0,0,7,5,25,0,0
0,0,0,1,6,4,16,0,0
0,0,0,0,1,1,3,0,0
0,0,0,0,0,0,0,0,0
0,0,0,0,2,1,4,0,0
0,0,0,0,0,0,0,0,0
0,1,0,0,18,8,54,0,0
0,0,0,0,3,2,8,0,0
1,1,0,1,3,2,9,0,0
1,1,0,0,2,2,12,0,0
0,0,0,0,2,1,4,0,0
0,0,0,0,1,1,3,0,0
1,1,0,0,2,2,8,0,0
1,1,0,1,2,2,8,0,0
0,0,0,1,2,1,4,0,0
0,1,1,1,28,11,104,0,1
0,1,0,1,2,2,8,0,0
0,0,0,0,0,0,0,0,0
0,1,0,0,7,4,17,0,0
0,0,0,1,6,3,15,0,0
0,0,0,1,6,3,15,0,0
0,0,0,1,2,1,4,0,0
0,1,0,0,3,3,10,0,0
0,0,0,0,1,1,2,0,0
0,0,1,0,5,4,14,0,0
0,1,0,0,7,4,19,0,0
0,1,0,0,7,4,19,0,0
0,1,1,1,7,4,18,0,0
0,0,0,1,2,1,4,0,0
0,0,0,0,1,1,3,0,0
0,0,0,0,0,0,0,0,0
0,0,0,0,2,1,4,0,0
0,1,0,1,6,3,16,0,0
0,1,0,0,3,1,6,0,0
0,0,0,0,1,1,2,0,0
0,1,0,1,3,1,6,0,0
0,0,0,0,0,0,0,0,0
0,0,0,0,8,3,22,0,0
0,1,0,1,26,7,69,0,1
0,0,0,0,1,1,2,0,0
0,0,0,1,1,1,2,1,0
0,1,0,0,3,1,9,0,0
1,0,0,0,4,4,14,0,0
0,0,0,0,1,1,2,0,0
0,1,1,1,28,11,104,0,1
0,0,0,0,0,0,0,0,0
0,0,0,0,0,0,0,0,0
1,0,0,1,6,6,15,0,0
0,0,0,0,0,0,0,0,0
0,0,0,0,0,0,0,0,0
0,0,0,1,6,6,18,0,1
0,1,0,0,3,1,6,0,0
0,0,0,0,2,1,2,0,0
0,0,0,0,0,0,0,0,0
0,0,0,1,6,6,17,0,1
0,0,0,0,0,0,0,0,0
0,0,0,0,1,1,3,0,0
0,1,0,1,16,7,39,0,1
0,1,1,1,70,9,172,0,1
0,0,0,0,1,1,1,0,0
0,0,0,0,2,1,2,0,0
0,0,0,0,8,2,37,0,1
0,0,0,0,0,0,0,0,0
0,1,0,1,2,2,8,0,0
0,1,0,1,2,2,8,0,0
1,0,0,1,1,1,3,0,0
0,0,0,1,4,3,11,0,0
0,0,0,0,1,1,2,0,0
0,0,1,1,2,2,20,0,0
0,0,0,0,0,0,0,0,0
0,0,0,1,2,1,6,0,0
0,0,0,0,0,0,0,0,0
0,0,0,0,5,2,14,0,0
0,1,0,0,2,2,9,0,0
0,1,0,0,2,2,9,0,0
0,1,0,1,3,1,6,0,0
0,0,0,1,2,2,18,0,0
0,0,0,0,1,1,2,0,0
0,0,0,1,3,3,8,0,0
0,0,0,1,11,6,40,0,1
0,1,0,1,17,8,45,0,1
0,0,0,1,2,2,18,0,0
0,1,0,1,5,2,14,0,0
0,0,0,0,0,0,0,0,0
0,0,0,0,2,2,9,0,0
0,0,0,1,2,2,20,0,0
0,1,0,1,2,2,8,0,0
0,1,0,1,6,5,18,0,0
0,0,0,1,2,1,6,0,0
0,1,0,1,5,3,9,0,0
0,1,0,1,3,1,3,0,0
0,0,0,0,0,0,0,0,0
0,0,0,0,0,0,0,0,0
0,1,0,1,2,2,10,0,0
0,0,0,1,4,3,10,0,0
0,1,0,1,6,5,14,0,0
0,0,0,1,4,3,10,0,0
0,0,0,1,4,3,10,0,0
0,0,0,0,1,1,2,0,0
0,1,0,1,4,4,10,0,0
0,0,0,0,1,1,3,0,0
0,0,0,0,0,0,0,0,0
0,0,0,0,0,0,0,0,0
0,0,0,0,2,2,7,0,0
0,0,0,1,1,1,3,0,0
0,0,0,0,2,2,7,0,0
0,1,0,1,4,4,12,0,0
0,1,0,1,3,2,10,0,0
0,1,0,1,2,2,6,0,0
0,1,0,1,3,2,18,0,0
0,0,0,1,1,1,3,0,0
0,0,0,0,0,0,0,0,0
0,1,0,1,3,2,21,0,0
0,0,0,0,0,0,0,0,0
0,1,0,1,4,4,12,0,0
0,0,0,1,6,5,17,0,1
0,1,0,1,4,4,12,0,0
0,1,0,1,3,2,21,0,0
0,1,0,1,3,2,10,0,0
0,0,0,0,0,0,0,0,0
0,0,0,0,0,0,0,0,0
0,1,0,1,16,7,39,0,1
0,0,0,0,0,0,0,0,0
0,0,0,0,0,0,0,0,0
0,0,0,1,6,5,17,0,1
1,1,0,0,3,3,9,0,0
0,0,0,1,2,1,4,0,0
0,0,0,0,0,0,0,0,0
0,0,0,0,2,1,2,0,0
0,1,0,1,2,2,8,0,0
0,0,0,1,7,3,34,0,0
0,0,0,0,2,1,6,0,0
0,0,0,0,0,0,0,0,0
0,0,0,0,0,0,0,0,0
0,0,0,0,2,1,4,0,0
0,1,0,1,6,3,16,0,0
0,0,1,1,2,2,4,0,0
0,1,0,1,3,2,6,0,0
0,0,0,0,2,1,2,0,0
0,0,0,0,1,1,2,0,0
0,1,0,1,2,2,7,0,0
0,0,1,1,4,2,9,0,0
0,1,0,1,2,2,8,0,0
0,0,0,0,7,3,29,0,0
0,1,1,0,15,5,52,0,1
0,0,0,1,6,3,15,0,0
0,0,0,0,1,1,6,0,0
0,1,1,0,3,3,8,0,0
0,0,0,0,1,1,3,0,0
0,0,0,1,2,1,4,0,0
0,0,0,0,0,0,0,0,0
0,0,0,1,2,2,7,0,0
0,0,0,0,1,1,3,0,0
0,0,0,1,1,1,3,0,0
0,1,0,1,2,2,8,0,0
0,0,0,0,2,1,6,0,0
0,0,1,0,2,2,6,0,0
0,0,0,0,0,0,0,0,0
0,1,0,1,2,2,8,0,0
0,0,0,0,2,1,6,0,0
0,0,0,0,2,1,4,0,0
0,1,0,1,6,4,16,0,0
0,0,0,0,2,2,10,0,0
0,0,0,0,1,1,3,0,0
0,1,0,1,3,2,8,0,0
0,0,0,0,0,0,0,0,0
0,0,0,1,2,1,6,0,0
0,1,0,1,3,1,6,0,0
0,0,0,0,0,0,0,0,0
0,1,0,1,11,3,40,0,0
0,1,0,0,2,2,6,0,0
0,1,1,0,2,2,6,0,0
0,0,0,1,22,5,103,0,1
0,0,0,0,2,1,4,0,0
0,0,0,0,1,1,1,0,0
0,1,1,1,31,5,84,0,1
0,1,0,1,5,4,12,0,0
0,1,0,1,11,3,40,0,0
0,0,0,0,1,1,3,0,0
0,0,0,0,1,1,3,0,0
0,0,0,0,1,1,1,0,0
0,0,0,0,1,1,1,0,0
0,0,0,0,1,1,1,0,0
0,0,0,0,2,1,4,0,0
0,0,0,0,1,1,2,0,0
0,0,0,0,1,1,3,0,0
0,1,0,1,6,3,17,0,0
0,0,0,0,1,1,3,0,0
0,0,0,0,0,0,0,0,0
0,1,0,0,5,2,15,0,0
0,1,0,1,2,2,8,0,0
0,0,0,1,2,2,6,0,0
0,0,0,1,6,4,24,0,0
0,0,1,1,2,2,6,0,0
0,0,0,0,0,0,0,0,0
0,0,0,0,0,0,0,0,0
0,0,0,0,0,0,0,0,1
0,0,0,0,0,0,0,0,0
0,1,0,1,3,2,11,0,0
0,0,0,0,0,0,0,0,0
0,1,0,1,3,3,9,0,0
0,0,0,0,0,0,0,0,0
0,0,0,0,0,0,0,0,0
0,0,0,0,0,0,0,0,0
0,0,0,0,0,0,0,0,0
0,0,0,1,2,2,5,0,0
0,0,0,0,0,0,0,0,1
0,1,0,1,6,4,13,0,0
0,1,0,0,12,3,21,0,0
0,0,0,0,2,2,7,0,0
0,0,0,0,1,1,3,0,0
0,0,0,0,1,1,3,0,0
0,0,0,0,0,0,0,0,0
0,0,0,0,0,0,0,0,0
0,0,0,0,2,2,8,0,0
0,1,1,0,3,3,11,0,0
0,0,0,0,1,1,2,0,0
0,0,0,0,1,1,12,0,0
0,1,0,1,3,3,9,0,0
0,0,0,0,3,3,7,0,0
0,0,0,1,1,1,5,0,0
0,0,0,0,0,0,0,0,0
0,1,0,1,6,3,11,0,0
1,0,0,0,1,1,3,0,0
0,0,0,0,0,0,0,0,0
0,0,0,0,5,2,31,0,0
0,0,0,1,4,4,13,0,0
0,1,0,0,2,2,6,0,0
0,1,0,0,2,1,6,0,0
0,0,0,0,0,0,0,0,0
0,1,1,1,16,5,53,0,1
0,1,1,1,7,3,21,0,0
0,1,0,1,2,2,4,0,0
0,0,0,1,1,1,2,0,0
0,1,0,0,9,3,33,0,0
0,1,0,1,2,2,7,0,0
1,0,1,0,3,3,11,0,0
0,0,1,1,2,2,4,0,0
0,0,0,0,0,0,0,0,0
0,0,0,0,1,1,4,0,0
0,0,0,0,2,1,2,0,0
0,0,0,1,2,2,5,0,0
0,1,0,1,5,3,15,0,0
0,0,0,0,1,1,2,0,0
1,1,0,1,5,5,14,0,0
0,0,0,0,1,1,3,0,0
1,0,0,0,4,3,13,0,0
0,1,1,1,63,8,219,0,1
0,0,0,0,0,0,0,0,0
0,0,0,0,0,0,0,0,0
0,1,0,0,2,2,6,0,0
0,0,0,0,0,0,0,0,0
0,0,0,0,0,0,0,0,0
0,0,0,0,0,0,0,0,0
0,1,0,1,3,2,9,0,0
0,0,0,0,3,1,18,0,0
0,0,0,0,3,1,18,0,0
0,0,0,1,2,1,4,0,0
0,1,0,0,2,2,2,0,0
0,0,0,0,2,1,7,0,0
0,0,0,0,3,1,18,0,0
0,1,0,0,2,2,2,0,0
0,1,0,0,5,3,13,0,0
1,1,0,0,5,3,14,0,0
0,1,0,0,5,3,13,0,0
1,1,0,0,5,3,14,0,0
0,1,0,0,5,3,12,0,0
0,0,0,0,2,1,6,0,0
0,0,0,0,2,1,6,0,0
0,0,0,0,2,1,6,0,0
0,1,0,0,3,3,11,0,0
0,0,0,1,2,1,6,0,0
0,1,0,0,2,2,6,0,0
0,1,0,0,2,2,4,0,0
0,0,0,1,2,2,7,0,0
0,1,0,0,2,2,3,0,0
0,1,0,0,2,2,3,1,0
1,1,0,0,2,2,4,0,0
0,1,0,0,2,2,4,0,0
0,1,0,0,2,2,3,0,0
1,1,0,0,2,2,5,0,0
0,1,0,0,2,2,3,0,0
0,0,0,0,1,1,3,0,0
0,1,0,0,2,2,3,0,0
0,1,0,0,2,2,4,0,0
0,0,0,0,1,1,3,0,0
1,1,0,0,2,2,5,0,0
0,1,0,0,2,2,4,0,0
0,1,0,0,2,2,4,0,0
0,1,0,0,2,2,3,0,0
0,1,0,0,2,2,4,0,0
1,1,0,0,2,2,4,0,0
0,1,0,0,2,2,3,0,0
0,0,0,0,1,1,2,0,0
1,1,0,0,3,3,7,0,0
0,0,0,0,1,1,3,0,0
0,1,0,0,3,3,6,0,0
0,1,0,0,3,3,6,0,0
0,1,0,0,3,3,7,0,0
0,1,0,0,2,2,4,0,0
0,0,0,0,0,0,0,0,0
0,0,0,1,2,1,2,0,0
0,1,0,0,2,2,3,0,0
0,1,0,0,2,2,3,0,0
0,0,0,0,0,0,0,0,0
1,1,0,0,2,2,4,0,0
0,1,0,0,2,2,3,0,0
0,1,0,0,2,2,4,0,0
0,0,0,0,1,1,1,0,0
1,1,0,0,2,2,7,0,0
0,1,0,1,4,2,10,0,0
0,1,0,1,2,2,3,0,0
1,1,0,1,2,2,4,0,0
1,1,0,1,2,2,4,0,0
0,1,0,1,2,2,3,1,0
0,1,1,1,16,5,55,0,1
0,1,0,1,2,2,3,0,0
0,1,0,1,2,2,5,0,0
0,1,0,1,2,2,4,0,0
0,0,0,1,2,1,2,0,0
0,0,0,0,1,1,2,0,0
0,1,0,1,3,2,4,0,0
0,0,0,0,0,0,0,0,0
0,1,0,1,5,4,9,0,0
0,1,0,0,3,2,5,0,0
0,1,0,0,3,2,4,0,0
1,1,0,0,3,2,5,0,0
0,1,0,0,3,2,4,0,0
0,0,0,0,1,1,2,0,0
0,0,0,0,1,1,3,0,0
0,1,0,1,3,1,9,0,0
0,1,0,1,3,1,9,0,0
0,1,1,0,15,6,49,0,1
0,0,1,1,8,2,23,0,0
0,0,0,1,2,1,6,0,0
0,0,0,0,0,0,0,0,0
0,1,0,0,3,3,9,0,0
0,0,1,1,2,2,6,0,0
1,0,0,1,3,3,11,0,0
0,1,0,0,2,2,5,0,0
0,0,0,1,2,1,8,0,0
0,0,0,0,20,3,117,0,0
0,0,0,0,0,0,0,0,0
0,1,0,0,2,2,3,0,0
0,0,0,0,2,1,4,0,0
0,0,0,1,1,1,3,0,0
0,0,0,1,5,5,11,0,0
0,0,0,0,0,0,0,0,0
0,1,1,1,63,8,221,0,1
0,1,0,1,4,1,12,0,0
0,0,1,0,2,2,6,0,0
0,0,0,0,0,0,0,0,0
0,1,1,1,7,3,21,0,0
0,0,0,1,2,1,6,0,0
0,0,0,0,1,1,2,0,0
0,0,0,0,0,0,0,0,0
0,0,0,0,0,0,0,0,0
0,1,1,1,64,9,221,0,1
0,0,0,0,0,0,0,0,0
0,0,0,0,1,1,3,0,0
0,0,0,0,1,1,6,0,0
0,1,0,1,3,1,9,0,0
0,1,0,0,14,3,35,0,0
0,0,0,1,1,1,3,0,0
0,0,0,0,2,1,6,0,0
0,0,0,0,0,0,0,0,0
0,0,0,1,5,5,11,0,0
0,1,0,0,2,2,3,1,0
0,1,0,0,3,2,4,0,0
0,0,0,1,2,2,4,0,0
0,0,0,0,1,1,2,0,0
1,1,0,0,2,2,5,0,0
0,1,0,1,3,1,9,0,0
0,1,0,0,2,2,3,0,0
0,1,0,1,3,1,9,0,0
0,1,0,0,2,2,4,0,0
0,1,0,0,2,2,3,0,0
0,1,0,0,2,2,2,0,0
0,1,0,0,2,2,2,0,0
0,0,0,0,1,1,1,0,0
0,1,0,0,3,2,14,0,0
0,1,0,0,2,2,7,0,0
0,1,0,0,2,2,8,0,0
0,1,0,0,2,2,8,0,0
0,1,0,0,2,2,8,0,0
0,1,1,1,4,2,15,0,0
0,0,0,0,0,0,0,0,0
0,0,0,0,1,1,2,0,0
0,0,0,0,0,0,0,0,0
0,0,0,0,0,0,0,0,0
0,0,0,1,3,3,13,0,0
0,0,0,0,0,0,0,0,0
0,1,0,1,3,2,13,0,0
0,0,0,0,2,2,4,0,0
0,0,0,1,2,1,8,0,0
0,1,0,1,2,2,6,0,0
0,0,0,0,0,0,0,0,0
0,0,0,0,1,1,1,0,0
0,0,0,0,0,0,0,0,0
0,1,1,1,63,8,221,0,1
0,1,1,1,7,3,21,0,0
0,0,0,0,0,0,0,0,0
0,0,0,0,1,1,8,0,0
0,0,0,0,3,3,9,0,0
0,0,0,0,3,3,9,0,0
0,1,0,0,3,3,11,0,0
0,0,0,0,2,1,6,0,0
0,1,0,1,3,1,9,0,0
0,0,0,0,0,0,0,0,0
0,0,0,1,3,3,10,0,0
0,0,0,1,3,3,10,0,0
0,0,0,0,2,2,7,0,0
0,1,1,1,15,5,51,0,1
0,1,1,1,16,5,55,0,1
0,0,0,0,2,2,7,0,0
0,0,0,0,2,2,7,0,0
0,1,1,1,16,5,55,0,1
0,0,0,1,1,1,3,0,0
0,1,1,1,16,5,55,0,1
0,0,0,1,2,1,6,0,0
1,0,0,1,1,1,4,0,0
0,1,1,1,16,5,55,0,1
0,0,0,0,0,0,0,0,0
0,0,0,0,1,1,5,0,0
0,0,0,1,1,1,3,0,0
0,0,0,1,4,3,13,0,0
0,0,0,0,1,1,5,0,0
0,0,0,1,3,3,10,0,0
0,0,0,0,1,1,5,0,0
0,0,0,0,1,1,3,0,0
0,0,0,0,0,0,0,0,0
0,0,0,1,3,3,9,0,0
0,1,0,0,3,2,5,0,0
0,0,0,1,4,3,13,0,0
0,0,0,0,1,1,2,0,0
0,1,0,1,8,7,21,0,0
0,0,0,0,1,1,1,0,0
0,0,0,0,0,0,0,0,0
0,0,0,0,15,3,73,0,1
0,0,0,0,0,0,0,0,0
0,0,0,1,15,2,45,0,1
0,1,0,0,6,3,36,0,0
0,1,1,1,16,5,55,0,1
0,0,1,1,2,2,6,0,0
0,0,0,0,1,1,3,0,0
1,0,0,0,1,1,4,0,0
0,1,1,1,16,5,55,0,1
0,1,0,1,4,2,10,0,0
0,1,0,1,2,2,6,0,0
0,0,0,0,0,0,0,0,0
0,1,1,0,8,4,18,0,0
0,1,1,1,16,6,52,0,1
0,1,0,1,4,4,11,0,0
0,1,0,1,5,5,12,0,0
0,0,1,0,2,2,16,0,0
0,0,0,0,4,4,12,0,0
0,0,0,1,4,3,14,0,0
0,0,0,1,4,3,14,0,0
0,0,0,1,4,3,14,0,0
0,0,0,1,4,3,14,0,0
0,0,0,0,1,1,1,0,0
0,1,1,0,4,2,10,0,0
0,0,1,0,2,2,6,0,0
0,0,0,0,4,4,15,0,0
0,1,0,0,2,2,3,0,0
0,0,0,0,1,1,1,0,0
0,0,0,1,1,1,5,0,0
0,0,1,0,2,2,5,0,0
0,0,1,0,2,2,5,0,0
0,0,0,1,2,1,6,0,0
0,0,0,0,0,0,0,0,0
0,0,0,0,0,0,0,0,0
0,0,1,0,2,2,5,0,0
0,0,0,0,1,1,1,0,0
0,1,0,0,3,3,17,0,0
0,0,0,0,0,0,0,0,0
0,1,0,1,6,6,16,0,0
0,1,0,1,8,3,23,0,0
0,1,0,1,8,3,23,0,0
0,1,0,1,3,3,8,0,0
0,0,0,1,3,2,6,0,0
0,0,0,1,3,3,10,0,0
0,1,0,1,7,5,21,0,0
0,0,0,0,2,1,6,0,0
0,0,1,0,4,2,6,0,0
0,0,0,0,2,1,4,0,0
0,1,0,1,3,1,3,0,0
0,1,0,0,10,4,26,0,0
0,0,0,1,2,1,4,0,0
0,0,0,0,1,1,2,0,0
0,1,1,1,16,6,52,0,1
0,0,0,1,3,3,8,0,0
0,1,0,0,3,3,10,0,0
0,1,0,0,5,1,10,0,0
0,0,0,0,2,1,4,0,0
0,0,0,0,1,1,2,0,0
0,1,0,1,4,3,10,0,0
0,1,0,1,4,1,8,0,0
1,1,0,1,7,4,25,0,0
0,0,0,0,3,2,7,0,0
0,0,0,0,3,2,7,0,0
0,0,0,1,2,1,4,0,0
0,0,0,0,0,0,0,0,0
0,0,0,0,3,3,8,0,0
0,0,0,0,0,0,0,0,0
0,0,0,0,0,0,0,0,0
0,0,0,0,0,0,0,0,0
0,1,0,1,6,5,15,0,0
0,0,0,1,5,2,14,0,1
0,0,0,0,1,1,6,0,0
0,0,0,0,1,1,3,0,0
0,0,0,0,2,2,5,0,0
0,0,0,1,2,2,5,0,0
0,0,1,1,3,3,10,0,0
1,0,0,0,1,1,5,0,0
0,0,0,1,2,2,4,0,0
0,0,0,1,2,2,4,0,0
0,0,0,1,2,2,4,0,0
1,1,1,1,7,3,24,0,0
0,1,0,0,2,2,6,0,0
0,1,1,1,14,7,47,0,1
0,0,0,0,1,1,2,0,0
0,0,0,1,3,3,11,0,0
0,1,0,0,7,4,20,0,0
0,0,0,0,1,1,2,0,0
0,0,0,0,0,0,0,0,0
0,0,0,0,0,0,0,0,0
0,0,0,0,0,0,0,0,0
0,0,0,0,1,1,3,0,0
0,0,0,0,1,1,3,0,0
0,0,0,0,2,2,6,0,0
0,1,0,0,3,3,10,0,0
0,0,0,0,0,0,0,0,0
0,0,0,0,0,0,0,0,0
0,0,0,0,0,0,0,0,0
0,1,0,1,56,6,238,0,1
0,0,0,0,0,0,0,0,0
0,0,0,0,2,2,5,0,0
0,1,0,0,2,2,5,0,0
0,1,1,0,47,8,184,0,0
0,0,0,1,3,3,8,0,0
0,0,0,0,1,1,4,0,0
0,0,0,0,2,1,6,0,0
0,0,0,0,1,1,2,0,0
0,0,0,0,1,1,3,0,0
0,0,0,0,1,1,4,0,0
0,0,0,0,10,4,28,0,1
0,0,0,0,1,1,3,0,0
0,0,0,0,1,1,4,0,0
0,0,1,1,4,3,11,0,0
1,0,0,0,3,3,9,0,0
0,0,0,1,3,3,8,0,0
0,0,0,0,0,0,0,0,0
0,0,0,0,0,0,0,0,0
0,0,0,0,0,0,0,0,0
0,0,0,0,0,0,0,0,0
0,1,0,1,4,2,10,0,0
0,0,0,1,4,4,10,0,0
0,1,0,0,3,3,9,0,0
0,0,0,0,1,1,3,0,0
0,0,0,0,1,1,2,0,0
0,1,0,0,3,3,11,0,0
0,0,0,0,0,0,0,0,1
0,0,0,0,0,0,0,0,0
0,1,0,1,56,6,268,0,1
0,0,0,0,0,0,0,0,0
0,0,0,0,0,0,0,0,0
0,1,0,0,5,3,15,0,0
0,1,0,1,3,1,6,0,0
0,1,1,0,9,4,36,0,0
0,0,0,0,0,0,0,0,0
0,0,0,0,2,1,6,0,0
0,0,0,1,1,1,4,0,0
0,0,0,0,0,0,0,0,0
0,1,0,0,3,2,10,0,0
0,1,0,0,3,2,10,0,0
0,0,0,0,1,1,2,0,0
0,0,0,0,1,1,2,0,0
0,0,0,0,2,1,4,0,0
0,1,1,1,21,11,75,0,1
0,0,0,0,1,1,2,0,0
0,0,0,0,1,1,2,0,0
0,0,0,1,1,1,9,0,0
0,0,0,1,3,3,8,0,0
0,0,0,1,2,1,6,0,0
0,1,1,1,63,8,221,0,1
0,0,0,0,0,0,0,0,0
0,0,0,0,0,0,0,0,0
0,1,1,1,63,8,221,0,1
0,0,0,0,1,1,2,0,0
0,0,0,0,0,0,0,0,0
0,1,1,1,63,8,220,0,1
0,1,0,1,8,4,13,0,0
0,0,0,1,3,2,7,0,0
0,1,1,1,5,2,13,0,0
0,0,0,0,1,1,2,0,0
0,1,0,1,3,3,7,0,0
0,0,0,0,0,0,0,0,0
0,1,1,1,9,3,34,0,0
0,0,0,0,2,1,6,0,0
0,0,0,1,3,3,8,0,0
0,0,0,0,1,1,3,0,0
0,1,0,0,6,4,23,0,0
0,0,0,1,8,5,22,0,1
0,0,0,0,0,0,0,0,0
0,0,0,1,2,2,4,0,0
0,0,0,0,2,1,8,0,0
0,0,0,0,1,1,6,0,0
0,0,0,1,11,4,48,0,1
0,0,0,0,0,0,0,0,0
0,0,0,1,11,4,36,0,0
0,0,1,0,3,3,6,0,0
0,0,0,1,5,3,18,0,0
0,0,0,0,2,2,5,0,0
0,0,0,0,0,0,0,0,0
0,0,0,0,0,0,0,0,0
0,0,0,0,2,1,4,0,0
0,1,0,1,4,4,8,0,0
0,0,0,0,0,0,0,0,0
0,0,0,0,3,1,4,0,0
0,0,0,0,0,0,0,0,0
0,0,0,1,2,2,6,0,0
0,0,0,0,1,1,2,0,0
0,1,1,0,63,8,222,0,1
0,1,0,1,18,5,68,0,0
0,0,0,0,0,0,0,0,0
0,0,0,0,5,4,17,0,0
0,1,0,1,3,1,9,0,0
0,1,0,1,4,2,20,0,0
0,0,0,0,1,1,2,0,0
0,0,0,0,1,1,2,0,0
0,0,0,0,1,1,2,0,0
0,0,0,0,2,1,4,0,0
0,1,0,1,58,7,186,0,1
0,1,1,1,10,3,25,0,0
0,0,0,0,1,1,2,0,0
0,0,0,0,2,1,4,0,0
0,1,1,0,47,7,185,0,0
0,0,0,1,2,2,5,0,0
0,0,0,0,0,0,0,0,0
0,1,1,1,10,4,38,0,0
0,0,0,0,0,0,0,0,0
0,0,0,0,1,1,3,0,0
0,0,0,0,1,1,2,0,0
0,0,0,1,2,1,4,0,0
0,0,0,0,0,0,0,0,0
0,0,0,0,2,1,4,0,0
0,0,0,1,2,1,4,0,0
0,0,0,0,2,1,4,0,0
0,0,0,0,1,1,1,0,0
0,0,0,0,1,1,2,0,0
0,0,0,0,2,1,6,0,0
0,0,0,1,2,1,4,0,0
0,1,1,1,48,8,114,0,1
0,0,0,1,2,2,7,0,0
0,0,0,1,2,2,7,0,0
0,0,0,1,2,2,7,0,0
0,0,0,0,2,1,4,0,0
0,0,0,0,2,1,8,0,0
0,0,0,1,8,5,14,0,0
0,0,1,0,8,2,28,0,0
0,0,0,1,3,3,11,0,0
0,0,0,1,3,3,11,0,0
0,0,0,1,3,3,11,0,0
0,0,0,1,2,2,5,0,0
0,0,0,1,3,3,12,0,0
0,0,0,0,1,1,2,0,0
0,0,0,1,3,3,12,0,0
0,0,0,1,2,1,4,0,0
0,0,1,1,2,2,5,0,0
0,0,1,1,2,2,5,0,0
0,0,0,1,2,1,4,0,0
0,1,1,1,35,9,155,0,1
0,1,0,1,20,7,51,0,1
0,1,1,1,19,4,74,0,1
0,0,0,1,2,1,4,0,0
0,0,0,0,1,1,2,0,0
0,0,0,0,1,1,5,0,0
0,1,0,1,4,4,14,0,0
0,0,0,0,0,0,0,0,0
0,1,0,1,5,5,12,0,1
0,1,0,1,5,5,12,0,1
0,0,0,0,1,1,2,0,0
0,0,0,0,1,1,2,0,0
0,0,0,0,1,1,3,0,0
0,1,1,1,68,12,293,0,1
0,1,0,1,6,3,12,0,0
0,0,0,0,0,0,0,0,0
0,0,0,0,0,0,0,0,0
0,0,0,0,0,0,0,0,0
0,1,0,1,4,4,15,0,0
0,0,0,0,0,0,0,0,0
0,1,0,1,54,5,256,0,1
0,0,0,0,0,0,0,0,0
0,0,0,0,2,2,9,0,0
0,1,0,0,8,5,21,0,0
0,0,0,0,1,1,3,0,0
0,0,0,1,2,1,4,0,0
0,1,1,0,5,4,12,0,0
0,1,0,1,56,6,267,0,1
0,0,0,0,1,1,2,0,0
0,1,1,1,40,7,109,0,1
0,0,0,0,3,3,10,0,0
0,0,0,0,1,1,3,0,0
0,1,0,1,3,3,7,0,0
0,0,0,0,2,1,6,0,0
0,0,0,0,1,1,3,0,0
0,0,0,1,2,1,2,0,0
0,1,1,1,40,7,109,0,1
0,0,0,0,1,1,5,0,0
0,1,1,1,64,11,189,0,1
0,0,0,0,2,1,6,0,0
0,0,0,0,1,1,6,0,0
0,0,0,0,1,1,1,0,0
0,0,0,0,0,0,0,0,0
0,0,0,0,1,1,3,0,0
0,0,0,0,2,1,4,0,0
0,0,0,0,1,1,3,0,0
0,1,0,1,3,1,3,0,0
0,0,0,0,2,1,4,0,0
0,0,0,0,1,1,2,0,0
0,0,0,0,1,1,1,0,0
0,0,0,0,1,1,1,0,0
0,1,0,0,8,5,28,0,0
0,0,1,0,4,2,10,0,0
0,0,0,0,2,1,6,0,0
0,0,1,0,4,2,13,0,0
0,0,1,1,2,2,5,1,0
0,0,0,1,21,6,55,0,1
0,1,1,1,93,13,375,0,1
0,1,1,0,17,7,57,0,0
0,0,0,0,0,0,0,0,0
0,1,0,1,6,5,15,0,0
0,0,0,0,1,1,3,0,0
0,0,0,0,0,0,0,0,0
0,1,0,1,6,5,15,0,0
0,0,0,1,2,1,4,0,0
0,0,0,1,3,3,9,0,0
0,0,0,0,0,0,0,0,0
0,1,1,1,35,9,153,0,1
0,0,0,0,4,1,8,0,0
0,0,0,0,4,1,8,0,0
0,1,1,1,46,8,189,0,1
0,1,0,0,4,3,12,0,0
0,0,0,0,0,0,0,0,0
0,0,0,0,1,1,2,0,0
0,0,0,1,2,1,6,0,0
0,0,0,0,1,1,3,0,0
0,0,1,0,4,2,12,0,0
0,0,0,0,1,1,3,0,0
0,0,0,1,2,1,4,0,0
0,0,0,0,2,2,6,0,1
0,0,0,0,2,1,4,0,0
0,1,0,1,3,3,9,0,0
0,0,0,0,0,0,0,0,0
0,0,0,1,2,1,4,0,0
0,0,0,0,0,0,0,0,0
0,1,0,1,6,5,15,0,0
0,0,0,0,2,1,2,0,0
0,1,0,0,2,1,4,0,0
0,0,0,1,0,0,0,0,0
0,1,0,1,5,3,15,0,0
0,0,0,0,0,0,0,0,0
0,1,1,1,5,4,13,0,0
0,0,0,0,0,0,0,0,0
0,1,0,1,7,3,24,0,0
0,0,0,0,2,1,4,0,0
0,0,0,0,1,1,2,0,0
0,0,0,0,1,1,3,0,0
0,0,0,0,1,1,3,0,0
0,0,0,0,1,1,3,0,0
0,0,0,0,1,1,3,0,0
0,0,0,0,2,1,4,0,0
0,0,0,0,2,1,6,0,0
0,0,0,1,5,5,18,0,0
0,0,0,1,2,1,4,0,0
0,0,0,0,1,1,2,0,0
0,0,0,0,0,0,0,0,0
0,0,0,1,2,1,4,0,0
0,0,0,1,3,2,11,0,1
0,0,0,0,5,2,18,0,0
0,0,0,0,4,1,8,0,0
0,0,0,0,0,0,0,0,0
0,0,0,0,0,0,0,0,0
0,0,0,0,0,0,0,0,0
0,1,0,1,6,3,10,0,0
0,0,1,1,2,2,7,0,0
0,1,1,1,58,7,162,0,1
0,1,0,1,6,3,10,0,0
0,1,1,1,41,7,111,0,1
0,0,0,1,2,1,4,0,0
0,0,0,1,2,1,4,0,0
0,1,0,1,5,2,13,0,0
0,0,1,0,4,2,12,0,0
0,0,0,0,0,0,0,0,0
0,0,0,0,0,0,0,0,0
0,0,0,1,2,1,4,0,0
0,1,0,0,26,7,68,0,0
0,0,0,1,2,1,4,0,0
0,0,0,0,0,0,0,0,0
0,0,0,0,0,0,0,0,0
0,0,1,1,4,2,18,0,0
0,0,0,1,2,1,4,0,0
0,1,1,1,41,7,111,0,1
0,0,0,1,5,4,12,0,0
0,0,0,0,1,1,2,0,0
0,0,0,0,2,1,4,0,0
0,0,0,0,1,1,3,0,0
0,0,0,0,2,1,4,0,0
0,0,0,1,12,8,33,0,1
0,0,0,0,4,4,11,0,0
0,1,1,1,26,6,62,0,1
0,0,0,0,0,0,0,0,0
0,0,0,1,13,5,37,0,1
0,0,0,0,2,1,4,0,0
0,1,0,1,2,2,5,0,0
0,0,0,0,0,0,0,0,0
0,0,0,0,2,1,4,0,0
1,0,0,1,1,1,3,0,0
0,0,0,1,2,1,4,0,0
0,1,1,1,40,7,109,0,1
0,0,0,0,0,0,0,0,0
0,0,0,1,5,3,13,0,1
0,0,0,1,3,3,9,0,0
0,0,0,0,0,0,0,0,0
0,0,0,1,3,3,9,0,0
0,0,0,1,2,1,4,0,0
0,0,0,1,2,1,2,0,0
0,0,0,1,1,1,3,0,0
0,0,0,0,1,1,2,0,0
0,0,0,1,2,2,5,0,0
0,0,0,1,1,1,2,0,0
0,0,0,0,0,0,0,0,0
0,1,0,1,3,1,6,0,0
0,0,0,0,2,1,4,0,0
0,0,0,0,1,1,2,0,0
0,0,0,1,0,0,0,0,0
0,0,0,1,0,0,0,0,0
0,0,0,1,0,0,0,0,0
0,0,0,1,2,1,8,0,0
0,0,0,1,2,1,4,0,0
0,0,0,0,1,1,1,0,0
0,1,0,0,6,4,18,0,0
0,0,0,1,10,3,33,0,0
0,0,0,1,3,3,12,0,0
0,0,0,0,2,1,4,0,0
0,0,0,0,1,1,6,0,0
0,0,0,0,1,1,6,0,0
0,0,0,0,2,1,4,0,0
0,0,0,1,12,7,42,0,1
0,0,0,1,4,3,12,0,0
0,0,0,0,0,0,0,0,0
0,1,0,1,40,8,149,0,1
0,0,0,0,1,1,2,0,0
0,0,0,0,2,1,4,0,0
0,0,0,0,0,0,0,0,0
0,0,0,0,0,0,0,0,0
0,0,0,1,4,4,9,0,0
0,0,0,0,0,0,0,0,0
0,0,0,1,1,1,3,0,0
0,0,0,0,2,1,6,0,0
0,0,0,0,2,1,6,0,0
0,0,0,0,2,1,4,0,0
0,0,0,1,2,1,4,0,0
0,0,0,0,1,1,2,0,0
0,0,0,0,0,0,0,0,0
0,0,0,1,2,1,4,0,0
0,0,0,1,2,1,4,0,0
0,0,0,1,2,1,4,0,0
0,1,0,1,5,4,13,0,0
0,0,0,0,2,1,4,0,0
0,0,0,0,0,0,0,0,0
0,0,0,0,1,1,3,0,0
0,0,0,0,0,0,0,0,0
0,0,0,0,1,1,3,0,0
0,0,0,1,1,1,3,0,0
0,0,0,1,2,1,6,0,0
0,1,0,1,2,2,6,0,0
0,0,0,0,0,0,0,0,0
0,0,0,1,4,4,10,0,0
1,0,0,0,2,1,10,0,0
0,0,0,1,2,1,4,0,0
0,0,0,1,3,3,11,0,0
0,0,0,0,2,1,4,0,0
0,0,1,0,2,2,5,0,0
0,1,1,1,12,2,37,0,0
0,1,1,1,12,2,37,0,0
0,0,0,1,3,3,11,0,0
0,0,1,0,2,2,5,0,0
0,0,0,0,0,0,0,0,0
0,0,0,0,2,2,10,0,0
0,0,1,0,2,2,5,0,0
0,0,0,1,1,1,3,0,0
0,0,0,1,3,3,11,0,0
0,0,0,1,6,4,22,0,0
0,1,1,0,7,3,19,0,0
0,0,0,0,1,1,2,0,0
0,0,0,1,4,3,12,0,0
0,0,0,0,0,0,0,0,0
0,0,0,1,6,4,22,0,0
0,0,0,0,1,1,2,0,0
0,0,0,0,0,0,0,0,0
1,0,0,1,2,1,8,0,0
0,0,0,0,1,1,2,0,0
0,0,0,1,3,3,12,0,0
0,0,0,0,0,0,0,0,0
0,0,0,1,3,3,6,0,0
0,1,1,1,64,11,188,0,1
0,1,1,1,8,6,22,0,0
0,1,0,0,15,5,74,0,0
0,1,0,1,19,7,50,0,1
0,1,0,1,12,5,34,0,1
0,1,1,1,8,6,24,0,0
0,0,0,0,0,0,0,0,0
0,0,0,0,0,0,0,0,0
0,0,0,1,3,3,11,0,0
0,0,0,1,2,1,6,0,0
0,0,0,0,0,0,0,0,0
0,1,0,1,6,5,14,0,0
0,0,0,0,0,0,0,0,0
0,0,0,1,4,4,9,0,0
0,0,0,0,1,1,3,0,0
0,0,0,1,2,2,5,0,0
0,1,0,1,19,7,50,0,1
0,0,0,1,3,3,9,0,0
0,0,0,0,0,0,0,0,0
0,0,0,0,1,1,3,0,0
0,0,0,0,0,0,0,0,0
0,0,0,1,4,4,9,0,0
0,0,0,0,2,1,4,0,0
0,0,0,0,2,1,6,0,0
0,0,0,1,4,4,9,0,0
0,0,0,0,1,1,3,0,0
1,1,0,1,5,3,12,0,0
0,0,0,0,0,0,0,0,0
0,0,0,0,0,0,0,0,0
0,1,0,0,11,4,40,0,0
0,0,0,0,0,0,0,0,0
0,0,0,0,0,0,0,0,0
0,0,0,0,1,1,3,0,0
0,0,0,0,1,1,3,0,0
0,1,0,1,3,1,9,0,0
1,0,0,1,2,2,10,0,0
0,0,0,0,0,0,0,0,0
0,0,0,0,0,0,0,0,0
0,0,0,0,0,0,0,0,0
0,0,0,0,1,1,6,0,0
0,0,0,1,2,1,4,0,0
0,0,0,0,1,1,5,0,0
0,0,0,0,1,1,3,0,0
0,0,0,1,4,4,10,0,0
0,0,0,0,1,1,3,0,0
0,1,1,1,64,11,189,0,1
1,0,0,1,2,2,10,0,0
0,0,0,0,1,1,2,0,0
0,1,0,1,28,8,85,0,0
0,0,0,0,1,1,3,0,0
0,0,0,0,1,1,2,0,0
0,1,0,1,3,1,9,0,0
1,0,0,1,2,2,10,0,0
0,0,0,0,1,1,2,0,0
0,0,0,1,2,2,5,0,0
0,1,0,0,2,2,9,0,0
0,0,0,1,4,4,10,0,0
0,0,0,1,4,4,10,0,0
0,0,0,0,1,1,1,0,0
0,0,0,0,5,3,13,0,0
0,1,0,0,10,3,29,0,0
0,1,0,1,19,7,50,0,1
0,0,0,1,3,2,9,0,0
0,0,0,1,3,2,9,0,0
0,0,0,1,3,2,9,0,0
0,0,0,0,1,1,3,0,0
0,0,0,0,1,1,1,0,0
0,0,0,0,1,1,3,0,0
0,1,0,1,28,8,85,0,0
0,0,1,0,2,2,6,0,0
0,0,0,1,20,3,81,0,1
0,1,0,1,3,2,9,0,0
0,0,0,1,20,3,81,0,1
0,0,0,1,4,4,10,0,0
0,1,1,1,64,11,189,0,1
0,0,0,0,0,0,0,0,0
0,0,0,1,20,3,81,0,1
0,1,0,1,5,4,13,0,0
0,0,0,0,2,2,5,0,0
0,0,0,0,1,1,3,0,0
0,0,0,1,20,3,77,0,1
0,1,0,1,3,2,6,0,0
0,0,0,1,13,3,37,0,1
0,0,0,0,1,1,4,0,0
0,0,0,0,1,1,4,0,0
0,0,0,1,26,7,79,0,0
0,0,0,0,2,1,2,0,0
0,0,0,1,4,4,10,0,0
0,0,0,0,0,0,0,0,0
0,0,0,1,0,0,0,0,0
0,0,0,0,2,2,6,0,0
0,1,0,1,16,6,41,0,1
0,0,0,1,1,1,2,0,0
0,1,0,0,3,1,9,0,0
0,0,0,0,1,1,2,0,0
0,0,0,0,0,0,0,0,0
0,0,0,1,1,1,3,0,0
0,0,0,1,1,1,2,0,0
0,1,0,1,4,3,13,0,0
0,0,0,1,1,1,3,0,0
0,1,0,1,4,3,14,0,0
0,0,0,0,2,2,5,0,0
0,0,0,0,1,1,1,0,0
0,1,0,1,18,5,45,0,1
0,0,0,0,0,0,0,0,0
0,0,1,0,2,2,6,0,0
0,0,0,0,2,2,9,0,0
0,1,0,1,16,1,37,0,0
0,0,0,0,0,0,0,0,0
0,0,0,0,0,0,0,0,0
0,0,0,0,0,0,0,0,0
0,0,0,0,0,0,0,0,0
0,0,0,0,0,0,0,0,0
0,0,0,0,0,0,0,0,0
0,0,0,0,0,0,0,0,0
0,0,0,0,0,0,0,0,0
0,0,0,0,0,0,0,0,0
0,0,0,0,2,2,8,0,0
0,1,0,1,16,1,37,0,0
0,1,0,1,16,1,37,0,0
0,1,0,1,6,3,16,0,0
0,0,0,0,1,1,3,0,0
0,0,0,0,0,0,0,0,0
0,0,0,0,0,0,0,0,0
0,0,0,0,0,0,0,0,0
0,0,0,0,2,2,6,0,0
0,0,0,0,1,1,2,0,0
0,0,0,1,14,7,37,0,1
0,0,0,0,1,1,3,0,0
0,1,0,1,3,1,9,0,0
0,0,0,1,0,0,0,0,0
0,0,0,0,1,1,3,0,0
0,0,0,0,0,0,0,0,0
0,0,0,0,0,0,0,0,0
0,0,1,0,2,2,6,0,0
0,1,1,1,55,9,206,0,1
0,1,1,1,3,3,7,0,0
0,1,1,1,45,8,170,0,1
0,0,0,0,3,1,6,0,0
0,0,0,0,1,1,2,0,0
0,0,0,0,1,1,2,0,0
0,1,0,0,4,3,14,0,0
0,0,0,1,1,1,3,0,1
0,1,0,0,4,1,8,0,0
0,1,1,1,19,7,56,0,0
0,0,0,0,1,1,2,0,0
0,0,0,0,0,0,0,0,0
0,0,0,0,0,0,0,0,0
0,0,0,0,1,1,2,0,0
0,0,0,0,1,1,2,0,0
0,1,0,1,22,4,79,0,1
1,0,0,1,2,2,8,0,0
0,1,0,0,3,1,9,0,0
0,0,0,0,1,1,3,0,0
0,0,0,0,0,0,0,0,0
0,0,0,1,2,1,6,0,0
0,0,0,1,2,1,6,0,0
0,1,0,1,4,1,10,0,0
0,1,0,1,4,1,10,0,0
0,1,1,1,19,7,56,0,0
0,0,0,1,4,3,11,0,0
0,0,0,0,2,2,5,0,0
0,0,0,1,4,3,11,0,0
0,0,0,0,1,1,2,0,0
0,1,0,0,2,1,4,0,0
0,0,0,0,0,0,0,0,0
0,0,0,0,1,1,3,0,0
0,0,0,0,0,0,0,0,0
0,0,0,0,1,1,3,0,0
0,0,0,0,0,0,0,0,0
0,0,0,0,1,1,3,0,0
0,1,1,1,19,7,55,0,0
0,0,0,0,0,0,0,0,0
0,0,0,0,0,0,0,0,0
0,0,0,0,0,0,0,0,0
0,0,0,1,2,1,6,0,0
0,0,0,0,0,0,0,0,0
0,1,0,1,22,4,61,0,1
0,0,0,0,1,1,2,0,0
0,0,0,0,1,1,2,0,0
0,0,0,0,1,1,3,0,0
0,0,0,0,0,0,0,0,0
0,1,1,1,65,12,189,0,1
0,1,1,1,46,8,173,0,1
0,0,0,0,1,1,3,0,0
0,0,0,0,0,0,0,0,0
0,0,0,0,0,0,0,0,0
0,0,0,1,2,1,6,0,0
0,1,1,1,10,5,25,0,0
0,0,0,0,1,1,2,0,0
0,1,1,1,37,7,135,0,1
0,1,1,1,37,7,135,0,1
0,0,0,0,2,1,6,0,0
0,0,0,0,1,1,3,0,0
0,1,0,1,3,1,9,0,0
0,0,0,0,2,1,6,0,0
0,0,0,0,2,1,6,0,0
0,0,0,0,1,1,2,0,0
0,1,1,1,64,11,188,0,1
0,0,0,1,2,1,6,0,0
0,1,0,0,3,1,6,0,0
0,1,0,0,3,1,6,0,0
0,0,0,1,2,1,6,0,0
1,0,0,1,2,2,10,0,0
0,0,0,0,1,1,2,0,0
0,0,0,1,1,1,2,0,0
0,1,1,0,13,4,44,0,0
0,0,0,0,1,1,3,0,0
0,0,0,0,1,1,3,0,0
0,0,0,1,3,2,8,0,0
0,0,0,0,0,0,0,0,0
0,0,0,0,0,0,0,0,0
0,0,0,0,0,0,0,0,0
0,0,0,0,0,0,0,0,0
0,0,0,0,2,1,6,0,0
0,0,0,0,1,1,3,0,0
0,1,0,1,4,2,10,0,0
0,0,0,1,3,2,7,0,0
0,0,0,0,0,0,0,0,0
0,0,0,0,0,0,0,0,0
0,0,0,1,1,1,3,0,0
0,0,0,1,2,1,6,0,0
0,1,0,0,6,3,19,0,0
0,1,0,0,6,3,18,0,0
0,1,1,0,5,3,12,0,0
0,1,0,1,7,4,19,0,0
0,0,0,0,14,5,38,0,0
0,1,0,1,5,4,14,0,1
0,0,0,0,2,1,4,0,0
0,0,0,0,1,1,2,0,0
0,0,0,0,1,1,4,0,0
0,0,0,0,2,1,6,0,0
0,0,0,1,1,1,2,0,0
0,0,0,0,1,1,4,0,0
0,1,0,1,5,4,13,0,1
0,0,0,0,2,1,6,0,0
1,1,0,1,41,14,135,0,1
1,0,0,1,3,3,8,0,0
0,0,0,0,1,1,3,0,0
0,0,0,1,2,2,5,0,0
0,0,1,1,2,2,10,0,0
0,0,0,0,1,1,3,0,0
0,0,0,1,2,2,4,0,0
0,0,0,1,0,0,0,0,0
0,0,0,0,2,1,8,0,0
1,1,0,1,4,3,14,0,0
0,0,0,0,1,1,3,0,0
0,0,0,0,1,1,2,0,0
0,0,0,0,1,1,2,0,0
0,0,1,0,2,2,6,0,0
0,1,0,1,4,4,12,0,0
0,1,1,1,10,10,23,1,0
0,1,0,1,3,1,6,0,0
0,1,0,1,3,3,10,0,0
0,0,0,1,2,1,4,0,0
0,0,0,1,4,4,9,0,0
0,0,0,1,1,1,2,0,0
0,1,0,0,3,1,6,0,0
0,0,0,1,2,1,6,0,0
0,0,0,0,1,1,3,0,0
0,0,0,0,1,1,2,0,0
0,0,0,0,2,1,4,0,0
0,1,0,1,6,4,15,0,0
0,0,0,0,2,1,6,0,0
0,0,0,1,2,1,6,0,0
0,0,0,0,0,0,0,0,0
0,1,0,1,3,1,6,0,0
0,1,0,0,6,2,14,0,0
0,0,0,1,24,9,85,0,1
0,0,0,0,1,1,5,0,0
0,0,0,0,1,1,3,0,0
0,0,0,0,1,1,2,0,0
0,0,0,0,1,1,2,0,0
0,0,0,0,1,1,2,0,0
0,0,0,0,1,1,2,0,0
0,0,0,0,0,0,0,0,0
0,0,0,0,0,0,0,0,0
0,0,0,1,0,0,0,0,0
0,0,0,0,2,1,10,0,0
1,1,1,0,13,4,46,0,0
0,0,0,0,0,0,0,0,0
0,0,0,1,0,0,0,0,0
0,0,0,0,1,1,2,0,0
0,0,0,1,0,0,0,0,0
0,0,0,0,1,1,3,0,0
0,0,0,0,1,1,1,0,0
0,0,0,0,2,1,10,0,0
0,0,0,0,2,2,6,0,0
0,1,0,1,3,1,15,0,0
0,0,0,1,2,1,4,0,0
0,1,0,0,3,3,11,0,0
0,0,0,0,1,1,3,0,0
0,0,0,0,1,1,3,0,0
0,0,0,0,0,0,0,0,0
0,1,0,1,4,3,11,0,0
0,1,0,1,4,3,10,0,0
0,1,0,1,4,3,11,0,0
0,1,0,1,4,3,11,0,0
0,1,0,1,4,3,10,0,0
0,1,1,1,4,3,11,0,0
0,1,0,1,4,3,11,0,0
0,1,0,1,4,3,10,0,0
0,1,0,1,4,3,10,0,0
0,1,0,1,4,3,10,0,0
0,1,0,1,4,3,10,0,0
0,1,0,1,4,3,11,0,0
0,1,0,1,4,3,10,0,0
0,1,0,1,4,3,10,0,0
0,0,0,0,0,0,0,0,0
0,1,0,1,3,1,6,0,0
1,0,0,1,2,2,8,0,0
1,0,0,0,2,2,10,0,0
0,0,0,0,1,1,2,0,0
0,0,0,1,8,4,22,0,0
0,0,0,1,8,4,23,0,0
0,0,0,0,2,1,10,0,0
0,0,0,0,0,0,0,0,0
0,0,0,0,2,1,4,1,0
0,0,0,0,2,1,2,0,0
0,1,0,1,9,7,28,0,1
0,0,0,0,1,1,3,0,0
0,0,0,0,1,1,3,0,0
0,0,0,0,1,1,2,0,0
0,0,0,0,2,1,8,0,0
0,1,0,1,3,2,12,0,0
0,0,0,0,1,1,2,0,0
0,0,0,0,1,1,2,0,0
0,0,0,0,1,1,2,0,0
0,0,0,0,1,1,2,0,0
0,0,0,0,0,0,0,0,0
0,0,0,0,2,1,6,0,0
0,0,0,0,0,0,0,0,0
0,1,0,1,3,1,9,0,0
0,0,0,0,0,0,0,0,0
0,0,0,0,0,0,0,0,0
0,0,0,1,2,1,6,0,0
0,0,0,1,2,1,6,0,0
0,0,0,0,0,0,0,0,0
0,1,0,1,5,4,14,0,0
0,1,0,1,7,6,18,0,0
0,0,0,0,1,1,2,0,0
0,0,0,0,1,1,2,0,0
0,0,0,1,2,1,6,0,0
0,0,0,1,2,1,6,0,0
0,0,0,0,1,1,3,0,0
0,0,0,1,2,1,4,0,0
0,0,0,0,1,1,3,0,0
0,0,0,0,1,1,3,0,0
0,0,0,0,2,2,5,0,0
0,0,1,1,2,2,10,0,0
0,0,0,0,2,2,11,0,0
0,0,0,0,1,1,3,0,0
0,1,0,0,2,2,6,0,0
0,0,0,0,1,1,1,0,0
0,0,1,0,3,3,8,0,0
0,0,0,0,1,1,3,0,0
0,0,0,0,1,1,3,0,0
0,1,1,1,58,11,168,0,1
0,0,0,1,2,1,6,0,0
0,0,0,1,2,1,4,0,0
0,0,0,0,1,1,3,0,0
0,0,0,1,1,1,2,0,0
0,0,0,0,0,0,0,0,0
0,1,1,1,58,11,168,0,1
0,0,0,0,1,1,3,0,0
0,0,0,0,2,1,4,0,0
0,0,0,0,1,1,3,0,0
0,0,0,0,1,1,2,0,0
0,0,0,0,0,0,0,0,0
0,1,0,1,3,1,9,0,0
0,0,0,1,2,1,6,0,0
0,0,0,0,1,1,3,0,0
0,0,0,0,1,1,3,0,0
0,0,0,0,1,1,3,0,0
0,0,0,0,0,0,0,0,0
0,0,0,1,2,1,6,0,0
0,0,0,0,1,1,4,0,0
0,0,0,0,0,0,0,0,0
0,0,0,0,0,0,0,0,0
0,0,0,0,2,1,10,0,0
0,0,1,1,4,2,12,0,0
0,0,0,1,2,1,6,0,0
0,1,0,1,5,4,15,0,0
0,0,0,0,0,0,0,0,0
0,0,0,1,2,2,5,0,0
0,0,0,0,0,0,0,0,0
0,1,0,1,3,3,6,0,0
0,0,0,0,1,1,5,0,0
0,0,0,0,1,1,3,0,0
0,0,0,0,0,0,0,0,0
0,0,0,1,1,1,3,0,1
0,0,0,1,1,1,3,0,0
0,0,0,1,2,2,6,0,0
0,1,0,0,3,2,11,0,0
0,1,0,0,3,2,11,0,0
0,1,0,1,3,3,9,0,0
0,1,0,1,3,3,10,0,0
0,1,0,1,3,3,10,0,0
0,1,0,1,3,3,9,0,0
0,1,0,1,3,2,11,0,0
0,1,0,1,3,3,10,0,0
0,0,0,0,0,0,0,0,0
0,1,0,1,3,3,10,0,0
0,0,0,0,1,1,2,0,0
0,0,0,0,1,1,2,0,0
0,0,0,1,2,1,6,0,0
0,0,0,0,2,2,3,0,0
0,0,0,0,1,1,4,0,0
0,0,0,1,2,1,6,0,0
0,0,0,0,0,0,0,0,0
0,0,0,0,1,1,3,0,0
0,0,0,0,1,1,4,0,0
0,0,0,1,1,1,2,0,0
0,0,0,1,2,1,4,0,0
0,0,0,1,10,3,30,0,0
0,0,0,0,1,1,3,0,0
0,0,0,1,3,2,8,0,0
0,0,0,1,3,2,8,0,0
0,0,0,0,1,1,4,0,0
0,0,0,1,11,4,33,0,0
0,0,0,1,10,3,31,0,0
0,0,0,0,11,4,34,0,0
0,0,1,1,11,3,33,0,0
0,0,0,0,11,3,33,0,0
0,0,0,1,11,4,33,0,0
0,1,0,1,2,1,4,0,0
0,0,0,0,1,1,3,0,0
0,0,0,0,1,1,3,0,0
0,0,0,0,1,1,6,0,0
0,0,0,0,1,1,2,0,0
0,0,0,1,2,1,5,0,0
0,0,0,1,8,4,24,0,0
0,0,0,0,1,1,3,0,0
0,0,0,0,2,1,6,0,0
0,0,0,1,2,1,6,0,0
0,0,0,0,0,0,0,0,0
0,0,1,1,3,2,14,0,0
0,0,0,1,2,2,5,0,0
0,0,0,1,2,1,6,0,0
0,0,0,1,3,3,9,0,0
0,0,0,1,11,4,32,0,0
0,0,1,1,11,3,33,0,0
0,0,0,1,11,4,32,0,0
0,0,0,0,0,0,0,0,0
0,0,0,1,2,1,2,0,0
0,0,0,1,2,1,6,0,0
0,0,0,0,2,1,4,0,0
0,1,0,0,3,3,10,0,0
0,0,0,1,2,1,4,0,0
0,0,0,1,2,1,4,0,0
0,0,0,0,4,1,16,0,0
0,0,0,0,1,1,3,0,0
0,0,0,0,1,1,3,0,0
0,1,1,0,13,2,44,0,0
0,1,0,1,3,1,9,0,0
0,0,0,1,0,0,0,0,0
0,0,0,0,1,1,3,0,0
0,0,1,1,2,2,6,0,0
0,0,0,1,0,0,0,0,0
0,0,0,0,1,1,3,0,0
0,0,0,0,0,0,0,0,0
0,0,0,0,0,0,0,0,0
0,0,0,0,1,1,2,0,0
0,0,0,0,0,0,0,0,0
0,1,0,1,3,1,9,0,0
0,0,1,0,4,2,8,0,0
0,0,0,0,1,1,4,0,0
0,0,0,0,1,1,3,0,0
0,0,0,0,0,0,0,0,0
0,0,0,1,34,13,124,0,1
0,0,0,0,0,0,0,0,0
0,0,0,0,0,0,0,0,0
0,1,0,1,3,1,9,0,0
0,0,0,0,1,1,3,0,0
0,0,0,0,2,1,6,0,0
0,0,0,0,2,1,6,0,0
0,0,0,0,2,1,6,0,0
0,0,0,0,1,1,3,0,0
0,0,0,0,1,1,3,0,0
0,0,0,0,1,1,3,0,0
0,0,0,0,1,1,2,0,0
0,0,0,0,1,1,3,0,0
0,0,0,0,1,1,1,0,0
0,0,0,0,1,1,3,0,0
0,0,0,0,0,0,0,0,0
0,0,0,0,1,1,3,0,0
0,0,0,0,1,1,3,0,0
0,0,0,0,1,1,3,0,0
0,0,0,0,1,1,3,0,0
0,0,1,0,24,9,76,0,1
0,0,0,0,1,1,5,0,0
0,0,0,1,0,0,0,0,0
0,0,0,1,2,1,7,0,0
0,1,1,1,7,3,23,0,0
0,1,0,0,29,7,90,0,1
0,0,0,1,2,1,6,0,0
0,0,0,0,1,1,4,0,0
0,0,0,0,3,1,12,0,0
0,0,0,0,2,1,6,0,0
0,0,0,1,3,2,8,0,0
0,0,0,0,1,1,3,0,0
0,0,0,0,1,1,1,0,0
0,0,0,1,2,1,6,0,0
0,1,1,1,7,6,17,0,0
0,0,0,0,1,1,3,0,1
0,0,0,0,1,1,3,0,0
0,0,0,0,1,1,3,0,0
0,0,0,0,1,1,3,0,0
0,0,0,0,1,1,2,0,0
0,0,0,0,1,1,2,0,0
0,1,1,1,26,5,80,0,1
0,0,0,0,0,0,0,0,0
0,1,0,1,4,4,6,0,0
0,0,0,0,0,0,0,0,0
0,0,0,0,2,1,4,0,0
0,0,0,0,1,1,3,0,0
0,0,0,0,0,0,0,0,0
0,0,0,1,22,4,65,0,1
1,1,1,1,37,9,108,0,1
1,0,0,0,6,4,17,0,0
1,0,0,0,6,4,17,0,0
0,1,1,1,5,2,26,0,0
0,0,0,1,7,4,26,0,0
0,0,0,0,0,0,0,0,0
0,0,0,0,1,1,2,0,0
0,0,1,0,2,2,7,0,0
0,0,0,0,1,1,2,0,0
0,0,0,0,1,1,2,0,0
0,0,0,0,1,1,3,0,0
0,0,0,0,1,1,2,0,0
0,0,1,1,3,2,8,0,0
0,0,0,0,1,1,2,0,0
0,0,0,0,1,1,2,0,0
0,0,0,0,2,1,6,0,0
0,0,0,0,1,1,2,0,0
0,0,0,1,1,1,2,0,0
0,0,0,0,1,1,2,0,0
0,0,0,1,2,1,4,0,0
0,0,0,0,1,1,2,0,0
0,0,0,0,0,0,0,0,0
0,0,0,1,1,1,1,0,0
0,0,0,0,2,1,6,0,0
0,0,0,0,1,1,2,0,0
0,0,0,0,2,1,2,0,0
0,0,0,0,1,1,4,0,0
0,0,0,1,2,1,6,0,0
0,0,1,0,2,2,9,0,0
0,0,0,0,1,1,2,0,0
0,0,0,0,0,0,0,0,0
0,0,0,0,2,1,6,0,0
0,0,0,0,2,1,12,0,0
0,0,0,1,2,1,4,0,1
1,1,1,1,7,5,16,0,0
0,0,0,1,1,1,4,0,0
0,0,0,0,2,1,6,0,0
0,0,0,0,0,0,0,0,0
0,0,1,0,4,2,12,0,0
0,0,0,0,1,1,2,0,0
0,0,0,1,1,1,2,0,0
0,0,0,0,4,2,12,0,0
0,1,0,0,3,1,6,0,0
0,0,0,0,0,0,0,0,0
0,0,0,0,1,1,2,0,0
0,1,0,0,3,1,6,0,0
0,1,0,0,3,1,6,0,0
0,0,0,1,2,1,6,0,0
0,0,0,0,1,1,2,0,0
0,0,0,0,1,1,2,0,0
0,0,0,1,1,1,2,0,0
0,0,0,1,2,1,4,0,0
0,0,0,0,2,1,4,0,0
0,0,0,1,1,1,5,0,0
0,0,0,1,2,1,6,0,0
0,1,1,0,22,5,97,0,0
0,1,1,0,22,5,96,0,0
0,0,0,1,2,1,6,0,0
0,0,0,1,2,1,6,0,0
0,0,0,0,2,2,6,0,0
0,0,1,0,2,2,5,0,0
0,0,1,1,2,2,6,0,0
0,0,0,1,2,1,6,0,0
0,0,0,1,1,1,4,0,0
0,1,0,0,3,3,6,0,0
0,1,0,1,3,1,6,0,0
0,1,0,1,3,1,6,0,0
0,1,0,1,3,1,6,0,0
0,0,1,1,2,2,7,0,0
0,0,1,0,2,2,6,0,0
0,0,0,0,1,1,2,0,0
0,0,0,1,2,1,4,0,0
0,0,0,0,2,2,8,0,0
0,0,1,1,2,2,8,0,0
0,0,0,0,0,0,0,0,0
0,1,0,0,3,1,6,0,0
0,1,0,1,3,1,6,0,0
0,0,0,1,2,2,6,0,0
0,0,0,1,2,2,6,0,0
0,0,0,0,1,1,2,0,0
0,1,1,1,5,4,15,0,1
0,0,1,1,2,2,6,0,0
0,0,1,1,2,2,6,0,0
0,0,0,0,0,0,0,0,0
0,0,0,0,2,1,4,0,0
0,1,0,0,10,3,24,0,0
0,0,0,0,2,1,6,0,0
0,0,0,0,1,1,2,0,0
0,0,0,0,1,1,2,0,0
0,0,0,1,2,1,6,0,0
0,0,0,0,1,1,2,0,0
0,0,0,1,2,1,6,0,0
0,0,1,1,2,2,6,0,0
0,0,0,0,0,0,0,0,0
0,0,0,0,0,0,0,0,0
0,0,0,0,0,0,0,0,0
0,0,0,0,1,1,1,0,0
0,0,0,1,3,1,9,0,0
0,1,0,1,3,1,9,0,0
0,1,0,1,3,3,8,0,0
0,0,0,0,0,0,0,0,0
0,0,0,0,1,1,2,0,0
0,0,0,0,0,0,0,0,0
0,0,0,1,2,1,5,0,0
0,1,0,0,11,4,32,0,0
0,0,0,0,0,0,0,0,0
0,0,0,1,2,2,5,0,0
0,1,0,0,4,4,11,0,0
0,0,0,0,1,1,1,0,0
0,1,0,1,3,3,8,0,0
0,0,0,1,2,1,4,0,0
0,0,0,0,1,1,2,0,0
0,0,0,0,2,2,7,0,0
0,0,0,1,3,3,9,0,1
0,0,0,1,3,3,9,0,1
0,0,0,0,7,5,16,0,0
0,0,0,0,7,5,16,0,0
0,0,0,1,2,1,4,0,0
0,0,0,0,2,1,4,0,0
0,0,0,0,2,1,4,0,0
0,0,0,0,2,1,4,0,0
0,1,0,0,3,3,8,0,0
0,0,0,1,2,1,4,0,0
0,0,0,1,2,1,4,0,0
0,0,0,0,1,1,2,0,0
0,0,0,0,0,0,0,0,0
0,1,0,1,4,1,8,0,0
0,0,0,0,1,1,3,0,0
0,0,0,1,2,1,4,0,0
0,0,0,0,0,0,0,0,0
0,0,0,0,0,0,0,0,0
0,0,0,1,2,1,4,0,0
0,0,0,0,0,0,0,0,0
0,1,1,1,59,12,176,0,1
0,0,0,0,0,0,0,0,0
0,0,0,0,0,0,0,0,0
0,0,0,0,0,0,0,0,0
0,0,0,0,1,1,2,0,0
0,0,0,0,1,1,2,0,0
0,1,0,0,2,2,5,0,0
0,0,1,1,4,3,11,0,0
0,1,0,1,3,1,6,0,0
0,0,0,0,8,6,18,0,0
0,0,0,1,2,1,4,0,0
0,0,0,0,0,0,0,0,0
0,0,0,1,2,1,4,0,0
0,0,0,1,2,1,4,0,0
0,0,0,0,0,0,0,0,0
0,0,0,1,2,1,4,0,0
0,0,0,0,0,0,0,0,0
0,1,0,0,3,1,9,0,0
0,1,0,0,3,1,6,0,0
0,0,0,1,2,1,4,0,0
0,0,0,1,2,1,4,0,0
0,0,0,1,2,1,4,0,0
0,0,0,1,2,1,4,0,0
0,0,0,0,1,1,2,0,0
0,0,0,0,1,1,2,0,0
0,0,0,1,2,1,4,0,0
0,1,0,0,3,3,8,0,0
0,1,1,1,7,2,17,0,0
1,1,0,0,3,3,9,0,0
0,1,0,0,3,3,7,0,0
0,1,0,1,7,4,22,0,0
0,0,0,1,2,1,2,0,0
0,0,0,0,12,6,34,0,0
0,0,0,0,2,1,4,0,0
0,0,0,1,2,1,4,0,0
0,0,0,0,0,0,0,0,0
0,0,0,1,2,1,11,0,0
0,0,0,0,0,0,0,0,0
0,0,0,0,0,0,0,0,0
0,0,0,1,2,2,4,0,0
0,0,0,0,1,1,5,0,0
0,0,0,1,2,1,4,0,0
0,1,1,0,16,5,71,0,0
0,0,0,0,1,1,2,0,0
1,0,0,0,1,1,3,0,0
0,0,0,1,2,1,4,0,0
0,0,0,1,0,0,0,0,0
0,0,0,0,1,1,2,0,0
0,0,0,0,1,1,2,0,0
0,0,0,0,1,1,2,0,0
0,0,0,0,1,1,5,0,0
0,1,1,1,63,7,171,0,1
0,0,0,1,2,1,4,0,0
0,0,0,0,0,0,0,0,0
0,1,0,0,5,5,12,0,0
0,1,0,1,3,1,6,0,0
0,0,0,0,2,2,6,0,0
0,1,0,1,19,6,49,0,1
0,0,0,0,1,1,3,0,0
0,0,0,0,2,1,4,0,0
0,0,0,0,2,1,4,0,0
0,0,0,0,1,1,2,0,0
0,0,0,0,1,1,2,0,0
0,1,0,0,4,4,10,0,0
0,0,0,0,1,1,3,0,0
0,0,0,0,0,0,0,0,0
0,0,0,0,1,1,4,0,0
0,0,0,0,2,2,4,0,0
0,0,0,0,2,2,5,0,0
0,1,0,1,3,1,6,0,0
0,0,0,0,2,2,5,0,0
0,0,0,0,3,2,20,0,0
1,1,0,1,2,2,6,0,1
0,1,0,1,19,6,49,0,1
0,0,0,0,2,2,6,0,0
0,0,0,0,0,0,0,0,0
0,0,0,0,2,2,6,0,0
0,1,0,0,3,3,7,0,0
0,1,0,0,3,3,8,0,0
1,1,1,0,22,6,69,0,0
0,1,0,1,3,1,6,0,0
0,0,0,0,1,1,2,0,0
0,0,0,0,0,0,0,0,0
0,0,0,0,0,0,0,0,0
0,0,0,0,2,2,6,0,0
0,0,0,1,1,1,2,0,0
0,0,0,1,2,1,4,0,0
0,0,0,1,2,1,4,0,0
0,0,0,1,2,1,4,0,0
0,0,0,1,0,0,0,0,0
0,0,0,1,3,1,9,0,0
0,1,0,1,3,1,6,0,0
0,0,0,0,1,1,2,0,0
0,0,1,1,4,4,18,0,0
0,0,0,1,1,1,1,0,0
0,0,0,1,5,2,17,0,0
0,0,0,0,1,1,3,0,0
0,0,0,0,2,1,4,0,0
0,0,0,0,0,0,0,0,0
0,0,0,1,1,1,1,0,0
0,0,0,1,3,1,9,0,0
0,0,0,0,2,2,5,0,0
0,0,0,0,2,1,4,0,0
0,0,0,0,2,1,4,0,0
0,0,0,0,1,1,2,0,0
0,0,0,0,0,0,0,0,0
0,0,0,1,5,2,17,0,0
0,0,0,0,1,1,2,0,0
0,1,0,0,10,4,27,0,0
0,1,0,0,10,4,27,0,0
0,0,0,1,2,1,6,0,0
0,0,0,1,2,1,4,0,0
0,1,0,1,5,4,12,0,0
0,0,0,0,5,2,19,0,0
0,0,0,0,2,2,5,0,0
0,0,0,0,0,0,0,0,0
0,0,0,1,3,3,7,0,0
0,0,0,1,0,0,0,0,1
0,0,0,0,1,1,2,0,0
0,1,0,0,3,3,7,0,0
0,0,0,1,5,2,19,0,0
0,0,0,1,3,3,11,0,0
0,0,0,0,1,1,4,0,0
0,0,0,0,0,0,0,0,0
0,0,0,0,5,4,12,0,0
0,0,0,0,0,0,0,0,0
0,0,0,0,0,0,0,0,0
0,0,0,0,0,0,0,0,0
0,0,0,0,5,4,13,0,0
0,0,0,1,3,1,9,0,0
0,0,0,0,1,1,1,1,0
0,0,0,0,0,0,0,0,0
0,1,1,1,6,5,16,0,0
0,1,1,1,6,5,16,0,0
0,0,0,0,0,0,0,0,0
0,0,0,0,1,1,2,0,0
0,1,0,0,2,2,3,0,0
0,1,0,0,4,4,9,0,0
0,0,0,0,1,1,2,0,0
0,0,0,1,3,1,9,0,0
0,0,0,1,3,1,9,0,0
0,0,0,1,1,1,2,0,0
1,1,0,1,16,5,36,0,0
0,0,0,1,2,1,5,0,0
0,1,0,0,3,1,6,0,0
0,0,0,0,1,1,2,0,0
0,0,0,0,1,1,3,0,0
0,1,0,0,3,1,6,0,0
0,0,0,1,2,2,7,0,0
0,1,0,0,2,1,4,0,0
0,0,0,0,1,1,2,0,0
0,1,0,1,3,3,7,0,0
0,1,0,1,6,6,16,0,0
0,0,0,0,8,4,25,0,0
0,0,0,0,8,4,25,0,0
0,0,0,0,1,1,2,0,0
0,0,0,0,8,4,25,0,0
0,0,1,0,2,2,6,0,0
1,0,0,1,1,1,4,0,0
0,0,0,1,2,1,6,0,0
0,1,0,0,2,2,6,0,0
0,0,0,0,2,1,4,0,0
0,0,0,0,0,0,0,0,0
0,1,0,0,2,2,6,0,0
0,0,0,0,1,1,3,0,0
0,0,0,0,1,1,1,0,0
0,0,0,0,1,1,2,0,0
0,0,0,0,0,0,0,0,0
0,0,0,0,0,0,0,0,0
0,0,0,0,0,0,0,0,0
0,0,0,0,0,0,0,0,0
0,0,0,0,0,0,0,0,0
0,0,0,1,3,2,7,0,0
0,0,0,1,1,1,2,0,0
0,0,0,0,1,1,3,0,0
0,0,0,0,1,1,3,0,0
0,0,0,0,1,1,3,0,0
0,0,0,0,3,1,6,0,0
0,0,0,0,1,1,2,0,0
1,0,0,0,1,1,3,0,0
0,0,0,1,1,1,4,0,0
0,1,0,1,3,1,6,0,0
0,0,1,1,4,4,10,0,0
0,0,0,0,1,1,6,0,0
1,0,0,0,1,1,3,0,0
0,0,0,0,0,0,0,0,0
0,0,0,1,2,1,5,0,0
0,0,0,0,0,0,0,0,0
0,1,0,1,3,1,6,0,0
0,0,0,1,2,1,2,0,0
0,0,0,0,2,1,4,0,0
0,1,0,1,3,1,6,0,0
0,0,0,0,3,1,6,0,0
0,0,0,1,2,1,4,0,0
0,0,0,1,8,2,52,0,0
0,0,0,1,8,2,52,0,0
0,0,0,1,8,2,52,0,0
0,0,0,1,8,2,52,0,0
0,0,0,1,8,2,52,0,0
0,0,0,1,8,2,52,0,0
0,0,0,1,8,2,52,0,0
0,0,0,1,8,2,52,0,0
0,0,0,0,5,4,11,0,0
0,0,0,0,2,2,6,0,0
0,1,0,1,2,1,6,0,0
0,0,0,0,1,1,2,0,0
0,0,0,0,1,1,2,0,0
0,0,0,0,1,1,2,0,0
0,0,0,0,3,1,6,0,0
0,0,0,1,1,1,4,0,0
0,0,1,1,4,3,12,0,0
0,0,0,0,1,1,1,0,0
0,1,0,1,19,6,49,0,1
0,0,0,0,1,1,4,0,0
0,0,0,0,1,1,1,0,0
0,0,0,0,1,1,3,0,1
0,0,0,1,1,1,3,0,0
0,1,0,1,19,6,49,0,1
0,0,1,1,25,5,102,0,1
0,0,0,0,1,1,1,0,0
0,0,0,0,1,1,1,0,0
0,0,0,0,2,2,4,0,0
0,0,0,0,1,1,2,0,0
0,0,0,1,2,1,4,0,0
0,0,0,0,2,2,8,0,0
0,1,0,1,2,1,6,0,0
0,1,0,1,3,1,6,0,0
0,0,0,0,0,0,0,0,0
0,0,0,1,2,1,4,0,0
0,1,1,1,7,2,18,0,0
0,0,0,1,2,2,5,0,0
0,0,0,0,1,1,2,0,0
0,0,0,0,1,1,2,0,0
0,0,0,0,3,3,6,0,0
0,0,0,0,3,3,6,0,0
0,0,0,0,1,1,2,0,0
0,0,0,0,1,1,3,0,0
0,0,0,0,0,0,0,0,0
0,1,1,1,23,9,63,0,0
0,1,1,1,67,6,179,0,1
0,0,0,0,0,0,0,0,0
0,1,1,0,3,3,9,0,0
0,1,1,0,3,3,9,0,0
0,0,0,1,2,1,2,0,0
0,1,0,1,2,1,6,0,0
0,0,0,1,2,1,4,0,0
0,1,1,1,23,7,63,0,1
0,0,1,0,2,2,6,0,0
0,1,0,1,2,2,8,0,0
0,0,0,0,0,0,0,0,0
0,0,0,0,1,1,2,0,0
1,0,0,1,7,5,18,0,0
0,0,0,0,1,1,2,0,0
0,0,0,0,1,1,2,0,0
0,0,0,0,0,0,0,0,0
0,0,0,1,2,1,4,0,0
0,0,0,0,1,1,2,0,0
0,0,0,1,1,1,2,0,0
0,0,0,1,2,1,4,0,0
0,0,1,1,4,4,9,0,0
0,0,0,0,1,1,2,0,0
0,1,0,1,19,6,49,0,1
0,0,0,1,2,1,4,0,0
0,0,0,0,2,1,4,0,0
0,0,0,1,2,1,2,0,0
0,0,0,1,2,1,2,0,0
0,0,0,0,0,0,0,0,0
0,0,0,0,1,1,3,0,0
0,0,0,1,2,1,4,0,0
0,0,0,0,0,0,0,0,0
0,0,0,0,0,0,0,0,0
0,0,0,1,5,2,10,0,0
0,0,0,0,0,0,0,0,0
0,0,0,0,1,1,2,0,0
0,0,0,1,0,0,0,0,0
0,1,1,1,10,6,39,0,0
0,0,0,0,1,1,2,0,0
0,0,0,0,1,1,2,0,0
0,0,0,1,0,0,0,0,0
0,1,0,0,3,3,7,0,0
0,0,0,0,0,0,0,0,0
0,1,0,0,3,1,6,0,0
0,0,0,1,0,0,0,0,1
0,1,0,1,4,4,10,0,0
0,0,0,0,0,0,0,0,0
0,0,0,0,0,0,0,0,0
0,0,0,0,1,1,1,0,0
0,0,0,0,1,1,2,0,0
0,0,0,1,2,1,5,0,0
0,0,0,1,3,1,6,0,0
0,0,0,1,2,1,4,0,0
0,0,0,0,1,1,2,0,0
0,0,0,1,1,1,1,0,0
1,0,0,1,1,1,3,0,0
0,1,0,1,39,5,126,0,1
0,0,0,0,1,1,2,0,0
0,0,0,0,1,1,1,0,0
0,0,1,1,2,2,6,0,0
0,0,0,1,2,1,4,0,0
0,0,0,0,4,2,15,0,0
0,0,0,0,0,0,0,0,0
0,0,0,1,1,1,2,0,0
0,0,0,1,2,1,2,0,0
0,0,0,0,0,0,0,0,0
0,1,1,1,5,4,15,0,0
0,0,1,0,2,2,5,0,0
0,0,0,0,0,0,0,0,0
0,0,0,0,0,0,0,0,0
0,0,0,0,0,0,0,0,0
0,0,0,0,0,0,0,0,0
0,1,0,1,36,3,106,0,1
0,0,0,1,1,1,1,0,0
0,0,0,0,0,0,0,0,0
0,1,1,1,27,4,69,0,0
0,1,0,0,2,1,2,0,0
0,0,1,1,6,3,18,0,0
0,0,0,1,5,2,14,0,0
0,0,1,1,2,2,7,0,0
0,0,0,1,2,1,4,0,0
0,0,0,1,2,1,6,0,0
0,0,0,0,0,0,0,0,0
0,1,0,1,8,6,23,0,0
0,0,0,1,2,1,4,0,0
0,0,0,0,2,2,5,0,0
0,1,0,1,1,1,2,0,0
0,0,0,0,5,5,11,0,0
0,0,0,1,2,1,4,0,0
0,0,0,0,2,2,6,0,0
0,0,0,0,2,2,6,0,0
0,0,0,0,1,1,4,0,0
0,0,0,0,2,2,4,0,0
0,0,0,1,2,1,4,0,0
0,0,1,0,3,3,10,0,1
0,0,0,0,1,1,1,0,0
0,0,0,1,1,1,2,0,0
0,0,0,0,11,4,27,0,0
0,1,0,1,11,2,35,0,0
0,0,0,0,1,1,2,0,0
0,1,1,0,5,3,11,0,0
0,1,1,0,5,3,11,0,0
0,1,1,0,5,3,11,0,0
0,1,1,0,5,3,12,0,0
0,1,0,0,2,2,8,0,0
0,1,1,1,13,9,39,0,0
0,1,1,1,12,5,35,0,0
0,0,0,0,1,1,4,0,0
0,0,0,1,3,3,7,0,0
0,1,0,0,4,3,12,0,0
0,1,0,0,4,3,12,0,0
0,0,0,0,2,2,8,0,0
0,0,0,0,3,2,10,0,0
0,0,0,1,2,1,4,0,0
0,0,1,1,22,4,62,0,0
0,0,0,0,3,2,7,0,0
0,0,0,1,1,1,3,0,0
0,0,0,1,3,3,7,0,0
0,1,0,1,4,3,9,0,0
0,0,0,0,7,5,17,0,0
0,1,0,1,27,9,75,0,1
0,0,0,0,3,3,6,0,0
0,0,0,0,9,6,22,0,0
0,1,0,1,27,9,76,0,1
0,0,0,1,1,1,2,0,0
0,0,0,1,1,1,4,0,0
0,0,1,1,10,5,28,0,0
0,0,1,0,6,3,18,0,0
0,0,1,0,6,3,18,0,0
0,0,1,0,6,3,18,0,0
0,0,1,0,6,3,18,0,0
0,0,1,0,6,3,16,0,0
0,1,0,0,17,7,46,0,0
0,0,1,0,6,3,16,0,0
0,0,1,0,6,3,18,0,0
0,0,0,0,1,1,4,0,0
0,1,1,0,30,6,91,0,0
0,1,1,0,30,6,91,0,0
0,1,1,0,30,6,90,0,0
0,0,0,0,1,1,4,0,0
0,1,0,0,2,1,5,0,0
0,0,1,0,5,3,11,0,0
0,0,1,0,5,3,11,0,0
0,1,0,0,7,2,21,0,0
0,0,0,0,1,1,5,0,0
0,1,0,0,17,7,46,0,0
0,1,0,0,7,2,21,0,0
0,0,0,1,2,1,4,0,0
0,0,0,1,0,0,0,0,1
0,0,0,1,2,2,4,0,0
0,0,0,1,6,2,14,0,0
0,0,0,0,0,0,0,0,0
0,0,0,1,14,4,44,0,0
0,0,0,0,0,0,0,0,0
0,1,0,1,6,6,15,0,0
0,1,0,1,6,6,15,0,0
0,0,0,1,2,1,4,0,0
0,0,0,0,1,1,1,0,0
0,0,1,1,19,3,55,0,0
0,0,0,0,1,1,2,0,0
0,0,0,0,7,2,19,0,0
0,0,0,1,6,6,15,0,1
0,0,0,1,6,6,16,0,1
0,0,0,1,6,6,15,0,1
0,0,0,1,6,6,16,0,1
0,0,0,1,2,1,4,0,0
0,0,0,0,0,0,0,0,0
0,0,0,0,6,5,17,0,0
0,0,0,0,1,1,3,0,0
0,1,1,1,13,9,39,0,0
0,1,1,0,21,3,59,0,0
0,0,0,0,1,1,2,0,0
0,0,0,0,1,1,2,0,0
0,1,0,0,4,4,9,0,0
0,0,0,0,2,2,6,0,0
0,0,1,1,2,2,5,0,0
0,0,1,1,3,3,6,0,0
0,1,0,1,7,1,12,0,0
0,1,0,1,7,1,12,0,0
0,0,1,1,3,3,7,0,0
0,0,1,1,3,3,6,0,0
0,0,1,1,3,3,7,0,0
0,0,0,1,3,3,7,0,0
0,0,1,1,2,2,5,0,0
0,0,0,1,5,3,14,0,0
0,0,1,1,3,3,7,0,0
0,0,0,1,5,4,14,0,0
0,0,0,0,1,1,3,0,0
0,0,0,0,1,1,4,0,0
0,0,1,1,6,4,16,0,0
0,1,0,0,7,5,17,0,0
0,1,0,1,7,5,13,0,0
0,0,0,0,1,1,3,0,0
0,1,0,0,8,6,20,0,0
0,1,0,0,8,6,20,0,0
0,0,0,0,1,1,2,0,0
0,0,0,1,4,4,12,0,0
0,1,0,0,28,5,80,0,1
0,1,0,0,8,6,20,0,0
0,0,0,0,2,2,6,0,0
0,0,1,1,3,3,8,0,0
0,1,1,1,42,20,103,0,0
0,0,1,1,3,3,9,0,0
0,0,0,1,2,2,4,0,0
0,1,0,0,2,2,6,0,0
0,1,0,0,8,6,15,0,0
0,1,0,0,3,2,13,0,0
0,0,0,0,2,2,4,0,0
0,1,1,1,11,3,30,0,0
0,1,0,1,25,4,59,0,0
0,1,1,1,11,3,30,0,0
0,0,0,0,2,1,2,0,0
0,0,0,1,4,3,11,0,0
0,0,0,0,0,0,0,0,0
0,0,0,1,1,1,2,0,0
0,1,0,1,3,1,9,0,0
0,1,0,1,6,4,13,0,0
0,0,0,0,1,1,2,0,0
0,1,0,1,3,1,9,0,0
0,0,0,0,6,4,18,0,0
0,0,1,1,3,3,7,0,0
0,0,0,1,4,4,10,0,0
0,0,0,0,1,1,15,0,0
0,0,0,0,0,0,0,0,0
0,0,0,0,1,1,3,0,0
0,0,0,1,1,1,2,0,0
0,0,0,0,1,1,7,0,0
0,0,0,1,1,1,3,0,0
0,0,0,1,2,1,2,0,0
0,0,0,1,56,9,192,0,1
0,0,1,1,2,2,5,0,0
0,0,0,0,0,0,0,0,0
0,0,0,0,1,1,3,0,0
0,0,0,1,2,1,4,0,0
0,0,0,0,1,1,3,0,0
0,0,0,0,8,6,18,0,0
0,0,0,0,7,5,19,0,0
0,0,0,0,1,1,5,0,0
0,1,0,1,2,2,5,0,0
0,0,0,0,1,1,7,0,0
0,0,0,0,1,1,2,0,0
0,0,0,0,1,1,7,0,0
0,0,0,0,1,1,7,0,0
0,0,0,0,1,1,3,0,0
0,0,0,1,3,3,8,0,0
0,0,0,0,1,1,7,0,0
0,0,0,1,2,2,6,0,0
0,0,0,0,1,1,7,0,0
0,0,0,0,1,1,7,0,0
0,0,0,0,1,1,15,0,0
0,0,0,1,8,5,21,0,0
0,0,0,0,1,1,5,0,0
0,1,0,0,11,7,31,0,0
0,0,1,1,3,3,7,0,0
0,0,1,1,3,3,7,0,0
0,0,0,1,2,2,7,0,0
0,1,0,0,8,4,27,0,0
0,0,0,0,4,4,8,0,0
0,0,0,1,3,2,7,0,0
0,0,0,1,2,1,4,1,0
0,0,0,1,4,1,12,0,0
0,0,0,0,7,2,24,0,0
0,0,0,0,1,1,2,0,0
0,0,0,0,1,1,5,0,0
0,1,0,0,2,1,4,0,0
1,0,0,1,30,15,80,0,1
0,1,0,0,20,5,79,0,1
0,0,0,1,7,4,28,0,0
0,0,0,0,2,2,4,0,0
0,0,0,1,3,3,7,0,0
0,0,0,1,1,1,2,0,0
0,1,0,1,4,4,11,0,0
0,0,0,0,1,1,2,1,0
0,0,0,0,1,1,1,0,0
0,0,0,0,1,1,3,0,0
0,0,0,0,1,1,2,1,0
0,1,0,0,2,2,5,0,0
0,0,0,1,7,4,22,0,1
0,1,0,0,12,5,30,0,0
0,0,1,1,3,3,7,0,0
0,0,1,1,2,2,6,0,0
0,0,0,1,4,3,8,0,0
0,0,0,0,1,1,4,0,0
0,1,0,1,3,3,6,0,0
0,0,0,1,5,3,13,0,0
0,1,0,0,6,5,24,0,0
0,0,0,1,2,1,4,0,0
0,0,0,0,0,0,0,0,0
0,0,0,0,1,1,3,0,0
0,0,0,0,1,1,2,0,0
0,0,0,0,4,4,9,0,0
0,1,0,1,7,6,20,0,0
0,1,0,1,7,6,20,0,0
0,0,0,0,1,1,3,0,0
0,0,0,0,4,4,9,0,1
0,0,0,1,1,1,2,0,0
0,1,0,0,2,2,2,0,0
0,1,0,0,4,3,10,0,0
0,1,0,0,2,2,3,0,0
0,0,0,0,1,1,5,0,0
