0,0,1,0,0,0,0,0,0,0,0,0,0,0,0,0,0,0.0, 0.0, 0.0, 0.0, 0.0, 0.0, 0.0, 0.0, 0.0
0,1,0,0,0,0,0,0,0,2,1,1,0,0,0,0,0,0.0, 0.0, 0.0, 0.0, 0.009900990099009901, 0.0, 0.0, 0.0, 0.0
0,0,0,0,0,0,0,0,1,6,2,1,0,0,0,0,0,0.00847457627118644, 0.0, 0.0, 0.0, 0.0, 0.0, 0.0, 0.0, 0.0
0,0,1,0,0,0,0,0,0,3,2,2,0,0,0,0,0,0.01730103806228374, 0.0, 0.0034602076124567475, 0.0, 0.0034602076124567475, 0.0034602076124567475, 0.0, 0.0, 0.0034602076124567475
0,0,1,0,0,0,0,0,0,2,1,1,0,0,0,0,0,0.0, 0.0, 0.0, 0.0, 0.0, 0.0, 0.0, 0.0, 0.0
0,0,1,0,0,0,0,0,0,8,3,2,0,0,0,0,0,0.0, 0.0, 0.0, 0.010416666666666666, 0.0, 0.010416666666666666, 0.0, 0.0, 0.0
0,0,1,0,0,0,0,0,0,2,1,1,0,0,0,0,0,0.01, 0.0, 0.0, 0.0, 0.0, 0.005, 0.005, 0.0, 0.0
0,1,0,0,0,0,0,0,0,7,3,3,0,0,0,0,0,0.0067039106145251395, 0.0, 0.0, 0.0033519553072625698, 0.0, 0.0, 0.0011173184357541898, 0.0, 0.0011173184357541898
0,0,1,0,0,0,0,0,0,0,0,0,0,0,0,0,0,0.0, 0.0, 0.0, 0.0, 0.0, 0.0, 0.0, 0.0, 0.0
0,1,0,0,0,0,0,0,0,2,1,1,0,0,0,0,0,0.013824884792626729, 0.0, 0.0, 0.0, 0.004608294930875576, 0.0, 0.0, 0.0, 0.0
0,0,1,0,0,0,0,0,0,0,0,0,0,0,0,0,0,0.0, 0.0, 0.0, 0.0, 0.0, 0.0, 0.0, 0.0, 0.0
0,0,1,0,0,0,0,0,0,1,1,1,0,0,0,0,0,0.008955223880597015, 0.0, 0.0, 0.0029850746268656717, 0.0, 0.0029850746268656717, 0.0029850746268656717, 0.0, 0.0
0,0,1,0,0,0,0,0,0,0,0,0,0,0,0,0,0,0.011111111111111112, 0.0, 0.0, 0.0, 0.0, 0.0, 0.0, 0.0, 0.0
0,1,1,0,0,0,0,0,0,2,1,1,0,0,0,0,0,0.02631578947368421, 0.0, 0.0, 0.0, 0.013157894736842105, 0.0, 0.0, 0.0, 0.0
0,0,0,0,0,0,0,0,0,8,2,2,0,0,0,0,0,0.007952286282306162, 0.0, 0.0, 0.0, 0.0019880715705765406, 0.0, 0.0, 0.0, 0.005964214711729622
0,0,1,0,0,0,0,0,0,5,2,1,0,0,0,0,0,0.0, 0.0, 0.0, 0.0, 0.0, 0.0, 0.0, 0.0, 0.0
0,0,1,0,0,0,0,0,0,2,1,1,0,0,0,0,0,0.009868421052631578, 0.0, 0.0, 0.0, 0.0, 0.003289473684210526, 0.0, 0.0, 0.0
0,0,1,0,0,0,0,0,0,0,0,0,0,0,0,0,0,0.0, 0.0, 0.0, 0.0, 0.0, 0.0, 0.0, 0.0, 0.0
0,0,0,0,0,0,0,0,0,0,0,0,0,0,0,0,0,0.0, 0.0, 0.0, 0.0, 0.0, 0.0, 0.0, 0.0, 0.0
0,0,1,0,0,0,0,0,0,0,0,0,0,0,0,0,0,0.0, 0.0, 0.0, 0.0, 0.0, 0.0, 0.0, 0.0, 0.0
0,0,1,0,0,0,0,0,0,0,0,0,0,0,0,0,0,0.0, 0.0, 0.0, 0.0, 0.0, 0.0, 0.0, 0.0, 0.0
0,0,1,0,0,0,0,0,1,5,2,2,0,0,0,0,0,0.02112676056338028, 0.0, 0.0, 0.0, 0.014084507042253521, 0.0, 0.0, 0.0, 0.0
0,0,0,0,0,0,0,0,1,8,2,2,0,0,0,0,0,0.006993006993006993, 0.0, 0.0, 0.0, 0.027972027972027972, 0.0, 0.0, 0.0, 0.0
0,0,1,0,0,0,0,0,0,7,3,3,0,0,0,0,0,0.003683241252302026, 0.0, 0.0, 0.0, 0.0, 0.001841620626151013, 0.0, 0.0, 0.0
0,1,0,0,0,0,0,0,0,2,1,1,0,0,0,0,0,0.0, 0.0, 0.0, 0.0, 0.0, 0.011627906976744186, 0.0, 0.0, 0.0
0,0,0,0,0,0,0,0,0,5,2,2,0,0,0,0,0,0.005988023952095809, 0.0, 0.0, 0.005988023952095809, 0.005988023952095809, 0.0, 0.0, 0.0, 0.005988023952095809
0,1,1,0,0,0,0,0,0,0,0,0,0,0,0,0,0,0.0, 0.0, 0.0, 0.0, 0.0, 0.0, 0.0, 0.0, 0.0
0,0,1,0,0,0,0,0,1,4,1,1,0,0,0,0,0,0.0, 0.0, 0.0, 0.0, 0.0, 0.007692307692307693, 0.0, 0.0, 0.007692307692307693
0,1,0,0,0,0,0,0,0,0,0,0,0,0,0,0,0,0.007272727272727273, 0.0, 0.0, 0.0036363636363636364, 0.01090909090909091, 0.007272727272727273, 0.0, 0.0, 0.0
0,0,0,0,0,0,0,0,0,10,4,3,0,0,0,0,0,0.0, 0.0, 0.0, 0.0, 0.00625, 0.0, 0.00625, 0.0, 0.0
0,0,0,0,0,0,0,0,1,11,2,2,0,0,0,0,0,0.0043859649122807015, 0.0, 0.0, 0.0, 0.0, 0.0, 0.0043859649122807015, 0.0, 0.0
0,0,1,0,0,0,0,0,0,0,0,0,0,0,0,0,0,0.0, 0.0, 0.0, 0.0, 0.0, 0.0, 0.0, 0.0, 0.0
0,0,1,0,0,0,0,0,0,2,1,1,0,0,0,0,0,0.0, 0.0, 0.0, 0.0, 0.0, 0.0, 0.0, 0.0, 0.0
0,0,1,0,0,0,0,0,0,1,1,1,0,0,0,0,0,0.04225352112676056, 0.0, 0.0, 0.0, 0.014084507042253521, 0.0, 0.0, 0.0, 0.007042253521126761
0,0,0,0,0,0,0,0,0,0,0,0,0,0,0,0,0,0.0055248618784530384, 0.0, 0.0, 0.0055248618784530384, 0.0, 0.0, 0.0, 0.0, 0.0
0,0,1,0,0,0,0,0,0,2,2,1,0,0,0,0,0,0.022900763358778626, 0.0, 0.0, 0.0, 0.0, 0.0, 0.0, 0.0, 0.0
0,0,1,0,0,0,0,0,0,12,5,5,0,0,0,0,0,0.005714285714285714, 0.0, 0.0, 0.0, 0.0, 0.005714285714285714, 0.0, 0.0, 0.0
0,0,0,0,0,0,0,0,1,4,1,1,0,0,0,0,0,0.01749271137026239, 0.0, 0.0, 0.0029154518950437317, 0.0, 0.0, 0.0, 0.0, 0.0
0,0,1,0,0,0,0,0,0,0,0,0,0,0,0,0,0,0.0, 0.0, 0.0, 0.0, 0.0, 0.0, 0.0, 0.0, 0.0
0,1,0,0,0,0,0,0,0,10,4,4,0,0,0,0,0,0.019704433497536946, 0.0, 0.0, 0.0, 0.0049261083743842365, 0.0, 0.0, 0.0, 0.0
0,0,0,0,0,0,0,0,0,2,1,1,0,0,0,0,0,0.0, 0.0, 0.0, 0.0, 0.0, 0.0, 0.0, 0.0, 0.0
0,0,0,0,0,0,0,1,0,4,1,1,0,0,0,0,0,0.011450381679389313, 0.0, 0.0, 0.0, 0.007633587786259542, 0.0, 0.003816793893129771, 0.0, 0.0
0,0,1,0,0,0,0,0,1,8,1,1,0,0,0,0,0,0.02181818181818182, 0.0, 0.0, 0.0, 0.007272727272727273, 0.0036363636363636364, 0.0036363636363636364, 0.0, 0.0
0,0,1,0,0,0,0,0,0,3,2,2,0,0,0,0,0,0.01487603305785124, 0.0, 0.0, 0.001652892561983471, 0.0049586776859504135, 0.0, 0.0, 0.0, 0.003305785123966942
0,0,0,0,0,0,0,0,0,1,1,1,0,0,0,0,0,0.010416666666666666, 0.0, 0.0, 0.0, 0.010416666666666666, 0.010416666666666666, 0.0, 0.0, 0.0
0,1,1,0,0,0,0,0,0,9,3,3,0,0,0,0,0,0.008032128514056224, 0.0, 0.0, 0.0, 0.004016064257028112, 0.0, 0.0, 0.0, 0.0
0,0,0,0,0,0,0,0,1,4,1,1,0,0,0,0,0,0.012048192771084338, 0.0, 0.0, 0.006024096385542169, 0.0, 0.0, 0.0, 0.0, 0.0
0,0,0,0,0,0,0,0,1,5,1,1,0,0,0,0,0,0.01639344262295082, 0.0, 0.0, 0.0, 0.0, 0.0, 0.0, 0.0, 0.0
1,0,1,0,0,0,0,0,1,4,1,1,0,0,0,0,0,0.010416666666666666, 0.0, 0.0, 0.0, 0.0, 0.0, 0.010416666666666666, 0.0, 0.0
0,0,0,0,0,0,0,0,1,12,3,1,0,0,0,0,0,0.005263157894736842, 0.0, 0.0, 0.015789473684210527, 0.0, 0.0, 0.005263157894736842, 0.0, 0.0
0,0,1,0,0,0,0,0,1,13,3,3,0,0,0,0,0,0.0027397260273972603, 0.0027397260273972603, 0.0, 0.0, 0.005479452054794521, 0.0027397260273972603, 0.0027397260273972603, 0.0, 0.0
0,1,1,1,0,1,0,0,0,297,112,46,1,0,0,0,0,0.006514657980456026, 0.0, 0.0, 0.0005428881650380022, 0.0010857763300760044, 0.0005428881650380022, 0.0010857763300760044, 0.0, 0.0
0,0,0,0,0,0,0,0,1,4,1,1,0,0,0,0,0,0.013333333333333334, 0.0, 0.0, 0.0, 0.0, 0.0, 0.0, 0.0, 0.0
1,1,0,0,0,0,0,0,0,2,1,1,0,0,0,0,0,0.0, 0.0, 0.0, 0.0, 0.0, 0.0, 0.0, 0.0, 0.0
0,0,1,0,0,0,0,0,0,0,0,0,0,0,0,0,0,0.02577319587628866, 0.0, 0.0, 0.0, 0.010309278350515464, 0.005154639175257732, 0.0, 0.0, 0.005154639175257732
0,0,0,0,0,0,0,0,0,0,0,0,0,0,0,0,0,0.0, 0.0, 0.0, 0.0, 0.0, 0.0, 0.0, 0.0, 0.0
0,0,1,0,0,0,0,0,1,6,2,2,0,0,0,0,0,0.008928571428571428, 0.0, 0.0, 0.0, 0.008928571428571428, 0.0, 0.0, 0.0, 0.0
0,0,1,0,0,0,0,0,0,0,0,0,0,0,0,0,0,0.021052631578947368, 0.0, 0.0, 0.0, 0.0, 0.0, 0.0, 0.0, 0.0
0,0,0,1,0,1,0,0,0,33,12,6,1,0,0,0,0,0.01775147928994083, 0.0, 0.0, 0.0, 0.0, 0.01775147928994083, 0.005917159763313609, 0.0, 0.0
0,0,0,0,0,0,0,0,0,10,4,2,0,0,0,0,0,0.007462686567164179, 0.0, 0.0, 0.0037313432835820895, 0.0, 0.0, 0.0037313432835820895, 0.0, 0.0
0,1,1,0,0,0,0,0,0,0,0,0,0,0,0,0,0,0.0, 0.0, 0.0, 0.0, 0.0, 0.0, 0.0, 0.0, 0.0
0,0,1,0,0,0,0,0,0,2,1,1,0,0,0,0,0,0.0, 0.0, 0.0, 0.0, 0.0, 0.0, 0.0, 0.0, 0.0
0,0,0,0,0,0,0,0,0,0,0,0,0,0,0,0,0,0.0, 0.0, 0.0, 0.0, 0.0, 0.0, 0.0, 0.0, 0.0
0,0,0,0,0,0,0,0,1,4,1,1,0,0,0,0,0,0.019801980198019802, 0.0, 0.0, 0.009900990099009901, 0.0, 0.0, 0.0, 0.0, 0.0
0,0,1,0,0,0,0,0,0,0,0,0,0,0,0,0,0,0.0, 0.0, 0.0, 0.0, 0.0, 0.0, 0.0, 0.0, 0.0
0,1,1,1,0,1,0,0,0,254,93,38,1,0,0,0,0,0.006775067750677507, 0.0, 0.0, 0.0006775067750677507, 0.0027100271002710027, 0.0006775067750677507, 0.0033875338753387536, 0.0, 0.0006775067750677507
0,0,0,0,0,0,0,0,1,4,1,1,0,0,0,0,0,0.013245033112582781, 0.0, 0.0, 0.0, 0.0, 0.0, 0.006622516556291391, 0.0, 0.0
0,0,1,0,0,0,0,0,0,0,0,0,0,0,0,0,0,0.0, 0.0, 0.0, 0.0, 0.0, 0.0, 0.0, 0.0, 0.0
0,0,0,0,0,0,0,0,0,1,1,1,0,0,0,0,0,0.009900990099009901, 0.0, 0.0, 0.0, 0.0, 0.0, 0.0, 0.0, 0.0
0,0,1,0,0,0,0,0,0,2,1,1,0,0,0,0,0,0.014814814814814815, 0.0, 0.0, 0.0, 0.0, 0.007407407407407408, 0.0, 0.0, 0.0
0,0,1,0,0,0,0,0,0,2,1,1,0,0,0,0,0,0.018691588785046728, 0.0, 0.0, 0.0, 0.004672897196261682, 0.0, 0.0, 0.0, 0.004672897196261682
0,0,1,0,0,0,0,0,1,11,2,2,0,0,0,0,0,0.0, 0.0, 0.0, 0.0, 0.0, 0.0, 0.0, 0.0, 0.0
0,0,0,0,0,0,0,0,1,4,1,1,0,0,0,0,0,0.009523809523809525, 0.0, 0.0, 0.0, 0.0, 0.0, 0.0, 0.0, 0.0
0,0,0,0,0,0,0,0,0,0,0,0,0,0,0,0,0,0.0, 0.0, 0.0, 0.0, 0.0, 0.0, 0.0, 0.0, 0.0
0,1,1,1,0,1,0,0,0,283,103,48,1,0,0,0,0,0.0070498915401301515, 0.0, 0.0, 0.0, 0.0016268980477223427, 0.0027114967462039045, 0.004338394793926247, 0.0010845986984815619, 0.0
0,0,1,0,0,0,0,0,0,0,0,0,0,0,0,0,0,0.0, 0.0, 0.0, 0.0, 0.0, 0.0, 0.0, 0.0, 0.0
0,0,0,0,0,0,0,0,1,9,1,1,0,0,0,0,0,0.02476780185758514, 0.0, 0.0, 0.0, 0.0, 0.0, 0.0030959752321981426, 0.0, 0.0030959752321981426
0,1,1,0,0,0,0,0,0,0,0,0,0,0,0,0,0,0.0, 0.0, 0.0, 0.0, 0.0, 0.0, 0.0, 0.0, 0.0
0,1,1,0,0,0,0,0,0,2,1,1,0,0,0,0,0,0.008, 0.0, 0.0, 0.0, 0.005333333333333333, 0.005333333333333333, 0.005333333333333333, 0.0, 0.0
0,0,1,0,0,0,0,1,0,7,3,3,0,0,0,0,0,0.0, 0.0, 0.0, 0.0, 0.0, 0.0, 0.0, 0.0, 0.0
0,0,1,0,0,0,0,0,1,4,1,1,0,0,0,0,0,0.0, 0.0, 0.0, 0.0, 0.0, 0.0, 0.0, 0.0, 0.0
0,0,1,0,0,0,0,0,1,8,3,3,0,0,0,0,0,0.0, 0.0, 0.0, 0.0, 0.0, 0.0, 0.0, 0.0, 0.0
0,0,1,0,0,0,0,0,0,2,1,1,0,0,0,0,0,0.0, 0.0, 0.0, 0.0, 0.0, 0.0, 0.0, 0.0, 0.0
0,1,0,0,0,0,0,0,0,2,1,1,0,0,0,0,0,0.0034602076124567475, 0.0, 0.0, 0.0, 0.0, 0.0034602076124567475, 0.0, 0.0, 0.0
0,0,1,0,0,0,0,0,0,0,0,0,0,0,0,0,0,0.0, 0.0, 0.0, 0.0, 0.0, 0.0, 0.0, 0.0, 0.0
0,1,1,0,0,0,0,0,0,18,5,4,0,0,0,0,0,0.0055248618784530384, 0.0, 0.0, 0.0, 0.0055248618784530384, 0.0, 0.0, 0.0, 0.0055248618784530384
0,0,1,0,0,0,0,0,0,2,1,1,0,0,0,0,0,0.0, 0.0, 0.0, 0.0, 0.0, 0.0, 0.0, 0.0, 0.0
0,0,1,0,0,0,0,0,1,12,3,3,0,0,0,0,0,0.008733624454148471, 0.0, 0.0, 0.0, 0.0, 0.0, 0.004366812227074236, 0.0, 0.004366812227074236
0,0,0,0,0,0,0,0,0,2,1,1,0,0,0,0,0,0.01639344262295082, 0.0, 0.0, 0.00819672131147541, 0.00819672131147541, 0.0, 0.0, 0.0, 0.0
0,0,1,0,0,0,0,0,1,9,1,1,0,0,0,0,0,0.016194331983805668, 0.0, 0.0, 0.0, 0.0, 0.0, 0.0, 0.012145748987854251, 0.0
0,0,1,0,0,0,0,0,0,2,1,1,0,0,0,0,0,0.0, 0.0, 0.0, 0.0, 0.0, 0.0, 0.0, 0.0, 0.0
0,0,1,0,0,0,0,0,0,4,3,3,0,0,0,0,0,0.009523809523809525, 0.0, 0.0, 0.0, 0.0, 0.0, 0.0, 0.0, 0.0
0,0,1,0,0,0,0,0,0,3,1,1,0,0,0,0,0,0.0, 0.0, 0.0, 0.0, 0.0, 0.0, 0.0, 0.0, 0.0
0,0,1,0,0,0,0,0,0,2,1,1,0,0,0,0,0,0.0, 0.0, 0.0, 0.0, 0.0, 0.0, 0.0, 0.0, 0.0
0,0,1,0,0,0,0,0,0,0,0,0,0,0,0,0,0,0.0, 0.0, 0.0, 0.0, 0.0, 0.0, 0.0, 0.0, 0.0
0,1,1,0,0,0,0,0,0,2,1,1,0,0,0,0,0,0.008, 0.0, 0.0, 0.0, 0.005333333333333333, 0.005333333333333333, 0.005333333333333333, 0.0, 0.0
0,0,0,0,0,0,0,0,0,0,0,0,0,0,0,0,0,0.0196078431372549, 0.0, 0.0, 0.0, 0.0, 0.0, 0.00980392156862745, 0.0, 0.0
0,0,1,0,0,0,0,0,1,6,2,2,0,0,0,0,0,0.03225806451612903, 0.0, 0.0, 0.0, 0.0, 0.010752688172043012, 0.0, 0.0, 0.0
0,0,0,0,0,0,0,0,1,11,2,1,0,0,0,0,0,0.008888888888888889, 0.0, 0.0, 0.0, 0.0044444444444444444, 0.0, 0.0, 0.0, 0.0044444444444444444
0,1,1,0,0,0,0,0,0,0,0,0,0,0,0,0,0,0.0, 0.0, 0.0, 0.0, 0.0, 0.0, 0.0, 0.0, 0.0
0,0,1,0,0,0,0,0,0,3,1,1,0,0,0,0,0,0.021505376344086023, 0.0, 0.0, 0.0, 0.0, 0.0, 0.0, 0.0, 0.0
0,0,0,0,0,0,0,0,1,6,1,1,0,0,0,0,0,0.008310249307479225, 0.0, 0.0, 0.002770083102493075, 0.0, 0.0, 0.002770083102493075, 0.0, 0.0
1,0,0,0,0,0,0,1,0,7,2,2,0,0,0,0,0,0.023121387283236993, 0.0, 0.0, 0.0, 0.0, 0.0, 0.0, 0.0, 0.0
0,0,1,0,0,0,0,0,0,9,4,4,0,0,0,0,0,0.015810276679841896, 0.0, 0.0, 0.0, 0.003952569169960474, 0.003952569169960474, 0.0, 0.0, 0.003952569169960474
0,0,1,0,0,0,0,0,0,8,4,4,0,0,0,0,0,0.0, 0.0, 0.0, 0.0, 0.0, 0.0, 0.0, 0.0, 0.0
0,0,0,0,0,0,0,0,1,4,1,1,0,0,0,0,0,0.030612244897959183, 0.0, 0.0, 0.003401360544217687, 0.0, 0.003401360544217687, 0.0, 0.0, 0.0
0,0,0,0,0,0,0,0,1,5,1,1,0,0,0,0,0,0.024, 0.0, 0.0, 0.0, 0.004, 0.004, 0.0, 0.0, 0.0
0,0,1,0,0,0,0,0,0,82,41,2,0,0,0,0,0,0.0026246719160104987, 0.0, 0.0, 0.0006561679790026247, 0.0, 0.0, 0.0, 0.0, 0.0
0,0,1,0,0,0,0,0,0,2,2,2,0,0,0,0,0,0.0, 0.0, 0.0, 0.005952380952380952, 0.0, 0.0, 0.0, 0.0, 0.0
0,0,1,0,0,0,0,0,1,8,3,3,0,0,0,0,0,0.013333333333333334, 0.0, 0.0, 0.0, 0.0, 0.0, 0.0, 0.0, 0.0
0,0,1,0,0,0,0,0,1,8,2,2,0,0,0,0,0,0.0064516129032258064, 0.0, 0.0, 0.0, 0.0064516129032258064, 0.0, 0.0, 0.0, 0.0064516129032258064
0,0,1,0,0,0,0,0,0,11,1,1,0,0,0,0,0,0.0, 0.0, 0.0, 0.0, 0.0, 0.0, 0.0, 0.0, 0.0
0,0,1,0,0,0,0,0,0,5,2,2,0,0,0,0,0,0.0, 0.0, 0.0, 0.008695652173913044, 0.0, 0.0, 0.0, 0.0, 0.0
0,0,1,0,0,0,0,0,0,5,2,2,0,0,0,0,0,0.018469656992084433, 0.0, 0.0, 0.0, 0.005277044854881266, 0.0, 0.0, 0.0, 0.0
0,0,0,0,0,0,0,0,1,4,1,1,0,0,0,0,0,0.008714596949891068, 0.0, 0.0, 0.0, 0.0, 0.010893246187363835, 0.002178649237472767, 0.0, 0.0
0,0,1,0,0,0,0,0,0,2,1,1,0,0,0,0,0,0.009708737864077669, 0.0, 0.0, 0.009708737864077669, 0.0, 0.0, 0.0, 0.0, 0.0
0,0,1,0,0,0,0,0,1,12,2,2,0,0,0,0,0,0.02531645569620253, 0.0, 0.0, 0.0, 0.016877637130801686, 0.0, 0.0, 0.0, 0.0
0,0,0,0,0,0,0,0,0,0,0,0,0,0,0,0,0,0.0, 0.0, 0.0, 0.0, 0.0, 0.0, 0.0, 0.0, 0.0
1,0,0,0,0,0,0,0,1,5,1,1,0,0,0,0,0,0.01818181818181818, 0.0, 0.0, 0.012121212121212121, 0.0, 0.0, 0.0, 0.0, 0.0
0,0,0,0,0,0,0,0,1,4,1,1,0,0,0,0,0,0.0, 0.0, 0.0, 0.0, 0.0, 0.0, 0.0, 0.0, 0.0
0,0,1,0,0,0,0,0,0,2,1,1,0,0,0,0,0,0.02631578947368421, 0.0, 0.0, 0.0, 0.0, 0.013157894736842105, 0.0, 0.0, 0.0
0,0,0,0,0,0,0,1,0,6,2,2,0,0,0,0,0,0.008403361344537815, 0.0, 0.0, 0.0, 0.0, 0.0, 0.0, 0.0, 0.0
0,0,1,0,0,0,0,0,1,9,2,2,0,0,0,0,0,0.0175054704595186, 0.0, 0.002188183807439825, 0.006564551422319475, 0.00437636761487965, 0.0, 0.006564551422319475, 0.0, 0.00437636761487965
0,0,1,0,0,0,0,0,0,0,0,0,0,0,0,0,0,0.006756756756756757, 0.0, 0.0, 0.0, 0.006756756756756757, 0.0, 0.0, 0.0, 0.0
0,0,1,0,0,0,0,0,0,6,3,3,0,0,0,0,0,0.02608695652173913, 0.0, 0.0, 0.0, 0.0, 0.004347826086956522, 0.0, 0.0, 0.0
0,0,1,0,0,0,0,0,1,4,1,1,0,0,0,0,0,0.013422818791946308, 0.0, 0.0, 0.0, 0.0, 0.0, 0.0, 0.0, 0.0
0,0,0,0,0,0,0,0,0,0,0,0,0,0,0,0,0,0.0, 0.0, 0.0, 0.0, 0.0, 0.0, 0.0, 0.0, 0.0
0,0,0,0,0,0,0,1,0,10,4,2,0,0,0,0,0,0.010638297872340425, 0.0, 0.0, 0.0, 0.010638297872340425, 0.0, 0.0, 0.0, 0.0
0,0,1,0,0,0,0,0,0,0,0,0,0,0,0,0,0,0.0, 0.0, 0.0, 0.0, 0.0, 0.0, 0.0, 0.0, 0.0
0,0,1,0,0,0,0,0,0,4,2,2,0,0,0,0,0,0.0, 0.0, 0.0, 0.014285714285714285, 0.0, 0.0, 0.0, 0.0, 0.0
0,0,1,0,0,0,0,0,1,10,2,2,0,0,0,0,0,0.005208333333333333, 0.0, 0.0, 0.0, 0.0, 0.0, 0.0, 0.0, 0.0
0,0,1,0,0,0,0,0,0,0,0,0,0,0,0,0,0,0.00558659217877095, 0.0, 0.0, 0.0, 0.0, 0.0, 0.0, 0.0, 0.0
0,0,0,0,0,0,0,0,0,2,1,1,0,0,0,0,0,0.027932960893854747, 0.0, 0.0, 0.0, 0.0, 0.00558659217877095, 0.00558659217877095, 0.0, 0.0
0,0,0,0,0,0,0,0,0,0,0,0,0,0,0,0,0,0.0, 0.0, 0.0, 0.0, 0.0, 0.0, 0.0, 0.0, 0.0
0,0,1,0,0,0,0,0,1,7,2,2,0,0,0,0,0,0.005714285714285714, 0.0, 0.0, 0.04, 0.0, 0.0, 0.0, 0.0, 0.0
0,0,1,0,0,0,0,0,1,8,1,1,0,0,0,0,0,0.0, 0.0, 0.0, 0.0, 0.01, 0.0, 0.0, 0.0, 0.0
0,0,1,0,0,0,0,0,1,4,1,1,0,0,0,0,0,0.0, 0.0, 0.0, 0.0, 0.0, 0.0, 0.0, 0.0, 0.0
0,0,0,0,0,0,0,0,0,0,0,0,0,0,0,0,0,0.0, 0.0, 0.0, 0.0, 0.0, 0.0, 0.0, 0.0, 0.0
0,0,1,0,0,0,0,0,0,2,1,1,0,0,0,0,0,0.03225806451612903, 0.0, 0.0, 0.0, 0.0, 0.0, 0.0, 0.0, 0.0
0,0,1,0,0,0,0,0,0,2,1,1,0,0,0,0,0,0.0, 0.0, 0.0, 0.0, 0.0, 0.0, 0.0, 0.0, 0.0
0,1,1,0,0,0,0,0,0,7,4,3,0,0,0,0,0,0.0, 0.0, 0.0, 0.0, 0.0, 0.0034965034965034965, 0.0, 0.0, 0.0
0,0,1,0,0,0,0,0,0,2,1,1,0,0,0,0,0,0.0, 0.0, 0.0, 0.0, 0.0, 0.0, 0.0, 0.0, 0.0
0,1,0,0,0,0,0,0,0,2,1,1,0,0,0,0,0,0.0, 0.0, 0.0, 0.0, 0.0, 0.0, 0.0, 0.0, 0.0
0,0,1,0,0,0,0,0,0,1,1,1,0,0,0,0,0,0.022556390977443608, 0.0, 0.0, 0.022556390977443608, 0.015037593984962405, 0.0, 0.0, 0.0, 0.0
0,0,0,0,0,0,0,1,0,7,2,2,0,0,0,0,0,0.02702702702702703, 0.0, 0.0, 0.0, 0.0, 0.0, 0.013513513513513514, 0.0, 0.0
0,0,0,0,0,0,0,0,0,2,1,1,0,0,0,0,0,0.0, 0.0, 0.0, 0.0, 0.0, 0.0, 0.0, 0.0, 0.0
0,0,1,0,0,0,0,0,0,6,3,3,0,0,0,0,0,0.004073319755600814, 0.0, 0.0, 0.004073319755600814, 0.010183299389002037, 0.0, 0.0, 0.0, 0.0
0,0,0,0,0,0,0,0,0,0,0,0,0,0,0,0,0,0.022727272727272728, 0.0, 0.0, 0.022727272727272728, 0.0, 0.0, 0.0, 0.0, 0.0
0,0,0,0,0,0,0,0,0,0,0,0,0,0,0,0,0,0.0, 0.0, 0.0, 0.0, 0.0, 0.0, 0.0, 0.0, 0.0
0,0,1,0,0,0,0,0,0,7,3,3,0,0,0,0,0,0.0, 0.0, 0.0, 0.0, 0.0, 0.0, 0.0, 0.0, 0.0
0,0,1,0,0,0,0,0,0,5,2,2,0,0,0,0,0,0.008928571428571428, 0.0, 0.0, 0.0, 0.0, 0.0, 0.0, 0.0, 0.0
0,0,1,0,0,0,0,0,0,2,1,1,0,0,0,0,0,0.0, 0.0, 0.0, 0.0, 0.0, 0.0, 0.0, 0.0, 0.0
0,0,1,0,0,0,0,0,0,0,0,0,0,0,0,0,0,0.0, 0.0, 0.0, 0.0, 0.0, 0.0, 0.0, 0.0, 0.0
0,0,1,0,0,0,0,0,1,7,1,1,0,0,0,0,0,0.0, 0.0, 0.0, 0.0, 0.006060606060606061, 0.006060606060606061, 0.0, 0.0, 0.0
0,1,1,1,0,1,0,5,0,274,102,48,1,0,0,0,0,0.007964161274265804, 0.0, 0.0, 0.0004977600796416127, 0.001991040318566451, 0.0009955201592832255, 0.003484320557491289, 0.0004977600796416127, 0.0009955201592832255
0,0,1,0,0,0,0,0,0,0,0,0,0,0,0,0,0,0.0, 0.0, 0.0, 0.0, 0.0, 0.0, 0.0, 0.0, 0.0
0,0,1,0,0,0,0,0,0,2,1,1,0,0,0,0,0,0.004484304932735426, 0.0, 0.0, 0.004484304932735426, 0.0, 0.0, 0.0, 0.0, 0.004484304932735426
0,0,1,0,0,0,0,0,0,3,2,2,0,0,0,0,0,0.009900990099009901, 0.0, 0.0, 0.0, 0.0, 0.0, 0.0, 0.0, 0.0
0,0,1,0,0,0,0,0,0,2,1,1,0,0,0,0,0,0.0, 0.0, 0.0, 0.0, 0.0, 0.0, 0.0, 0.0, 0.0
0,1,1,0,0,0,0,0,0,2,1,1,0,0,0,0,0,0.023255813953488372, 0.0, 0.0, 0.023255813953488372, 0.0, 0.0, 0.0, 0.0, 0.0
0,0,1,0,0,0,0,0,0,0,0,0,0,0,0,0,0,0.00558659217877095, 0.0, 0.0, 0.0, 0.0, 0.0, 0.0, 0.0, 0.0
0,0,1,0,0,0,0,0,1,6,1,1,0,0,0,0,0,0.0, 0.0, 0.0, 0.0, 0.006802721088435374, 0.0, 0.0, 0.0, 0.0
0,0,0,0,0,0,0,0,0,0,0,0,0,0,0,0,0,0.0, 0.0, 0.0, 0.0, 0.0, 0.0, 0.0, 0.0, 0.0
0,0,0,0,0,0,0,0,1,4,1,1,0,0,0,0,0,0.005434782608695652, 0.0, 0.0, 0.010869565217391304, 0.0, 0.0, 0.005434782608695652, 0.0, 0.0
0,0,0,0,0,0,0,2,0,7,2,1,0,0,0,0,0,0.01875, 0.0, 0.0, 0.0, 0.0, 0.0, 0.0, 0.0, 0.0
0,0,1,0,0,0,0,0,0,0,0,0,0,0,0,0,0,0.0, 0.0, 0.0, 0.0, 0.0, 0.0, 0.0, 0.0, 0.0
0,0,0,0,0,0,0,0,0,1,1,1,0,0,0,0,0,0.006993006993006993, 0.0, 0.0, 0.0, 0.0, 0.0, 0.0, 0.0, 0.0
0,0,1,0,0,0,0,0,0,0,0,0,0,0,0,0,0,0.007692307692307693, 0.0, 0.0, 0.0, 0.007692307692307693, 0.007692307692307693, 0.0038461538461538464, 0.0, 0.0
0,0,1,0,0,0,0,0,0,0,0,0,0,0,0,0,0,0.016778523489932886, 0.0, 0.0, 0.006711409395973154, 0.003355704697986577, 0.0, 0.003355704697986577, 0.0, 0.0
0,0,0,0,0,0,0,0,0,0,0,0,0,0,0,0,0,0.03614457831325301, 0.0, 0.0, 0.0, 0.0, 0.0, 0.0, 0.0, 0.0
0,0,0,0,0,0,0,0,1,4,1,1,0,0,0,0,0,0.0051813471502590676, 0.0, 0.0, 0.0, 0.0, 0.0051813471502590676, 0.0, 0.0, 0.0051813471502590676
0,0,0,0,0,0,0,0,0,0,0,0,0,0,0,0,0,0.019867549668874173, 0.0, 0.0, 0.0, 0.006622516556291391, 0.0, 0.0, 0.0, 0.0
0,1,1,0,0,0,0,0,1,105,20,4,0,0,0,0,0,0.0035587188612099642, 0.0, 0.0, 0.0035587188612099642, 0.0, 0.0017793594306049821, 0.0, 0.0, 0.0
0,0,0,0,0,0,0,0,1,5,1,1,0,0,0,0,0,0.0, 0.0, 0.0, 0.0, 0.0, 0.0, 0.0, 0.0, 0.0
0,1,1,0,0,0,0,0,0,8,3,3,0,0,0,0,0,0.0, 0.0, 0.0, 0.0, 0.0, 0.0, 0.0, 0.0, 0.0
0,0,0,0,0,0,0,0,0,0,0,0,0,0,0,0,0,0.0, 0.0, 0.0, 0.0, 0.0, 0.0, 0.0, 0.0, 0.0
0,0,1,0,0,0,0,0,0,0,0,0,0,0,0,0,0,0.0, 0.0, 0.0, 0.0, 0.0, 0.0, 0.0, 0.0, 0.0
0,0,1,0,0,0,0,0,0,0,0,0,0,0,0,0,0,0.009615384615384616, 0.0, 0.0, 0.0, 0.0, 0.0, 0.0, 0.0, 0.0
0,0,1,0,0,0,0,0,0,0,0,0,0,0,0,0,0,0.0, 0.0, 0.0, 0.0, 0.0, 0.0, 0.0, 0.0, 0.0
0,0,1,0,0,0,0,0,1,7,2,2,0,0,0,0,0,0.024896265560165973, 0.0, 0.0, 0.0, 0.004149377593360996, 0.0, 0.0, 0.0, 0.0
0,0,0,0,0,0,0,0,1,5,1,1,0,0,0,0,0,0.00980392156862745, 0.0, 0.0, 0.0, 0.0, 0.0, 0.004901960784313725, 0.0, 0.0
0,0,1,0,0,0,0,0,0,0,0,0,0,0,0,0,0,0.0, 0.0, 0.0, 0.0, 0.0, 0.0, 0.0, 0.0, 0.0
0,0,1,0,0,0,0,0,0,0,0,0,0,0,0,0,0,0.0, 0.0, 0.0, 0.0, 0.0, 0.0, 0.0, 0.0, 0.0
0,0,0,0,0,0,0,0,1,4,1,1,0,0,0,0,0,0.004608294930875576, 0.0, 0.0, 0.0, 0.004608294930875576, 0.009216589861751152, 0.004608294930875576, 0.0, 0.0
0,0,0,0,0,0,0,0,0,0,0,0,0,0,0,0,0,0.007142857142857143, 0.0, 0.0, 0.0, 0.0, 0.0, 0.0, 0.0, 0.0
0,0,1,0,0,0,0,0,0,3,1,1,0,0,0,0,0,0.0, 0.0, 0.0, 0.0, 0.0, 0.0, 0.0, 0.0, 0.0
0,0,0,0,0,0,0,0,0,0,0,0,0,0,0,0,0,0.0, 0.0, 0.0, 0.0, 0.0, 0.0, 0.0, 0.0, 0.0
0,0,0,0,0,0,0,0,1,5,1,1,0,0,0,0,0,0.0, 0.0, 0.0, 0.0, 0.007874015748031496, 0.0, 0.0, 0.0, 0.0
0,0,1,0,0,0,0,0,0,2,1,1,0,0,0,0,0,0.0, 0.0, 0.0, 0.0, 0.0, 0.0, 0.0, 0.0, 0.0
0,0,1,0,0,0,0,0,0,3,2,2,0,0,0,0,0,0.0, 0.0, 0.0, 0.008333333333333333, 0.008333333333333333, 0.0, 0.0, 0.0, 0.0
1,0,1,0,0,0,0,0,1,14,4,4,0,0,0,0,0,0.0196078431372549, 0.0, 0.0, 0.0, 0.00980392156862745, 0.0, 0.0, 0.0, 0.0
0,0,1,0,0,0,0,0,0,17,6,1,0,0,0,0,0,0.0, 0.0, 0.0, 0.0, 0.0, 0.0, 0.0, 0.003875968992248062, 0.0
0,0,1,0,0,0,0,0,0,3,2,2,0,0,0,0,0,0.01818181818181818, 0.0, 0.0, 0.0, 0.0, 0.0, 0.0, 0.0, 0.0
0,0,1,0,0,0,0,0,0,2,1,1,0,0,0,0,0,0.012269938650306749, 0.0, 0.0, 0.0, 0.012269938650306749, 0.0, 0.012269938650306749, 0.0, 0.0
0,0,0,0,0,0,0,0,0,0,0,0,0,0,0,0,0,0.0, 0.0, 0.0, 0.0, 0.0, 0.0, 0.0, 0.0, 0.0
0,0,1,0,0,0,0,0,0,0,0,0,0,0,0,0,0,0.0, 0.0, 0.0, 0.0, 0.0, 0.0, 0.0, 0.0, 0.0
0,0,1,0,0,0,0,0,0,1,1,1,0,0,0,0,0,0.005747126436781609, 0.0, 0.0, 0.0, 0.0, 0.0, 0.0, 0.0, 0.0
0,0,1,0,0,0,0,0,0,3,2,2,0,0,0,0,0,0.0, 0.0, 0.0, 0.0, 0.005681818181818182, 0.005681818181818182, 0.0, 0.0, 0.005681818181818182
0,0,1,0,0,0,0,0,0,3,2,2,0,0,0,0,0,0.010638297872340425, 0.0, 0.0, 0.0, 0.0, 0.0, 0.0, 0.0, 0.0
0,0,1,1,0,1,0,0,1,209,83,11,1,1,0,0,0,0.0011467889908256881, 0.0, 0.0, 0.0022935779816513763, 0.0, 0.0022935779816513763, 0.0, 0.0011467889908256881, 0.0
0,0,1,0,0,0,0,0,0,4,2,2,0,0,0,0,0,0.0017045454545454545, 0.0, 0.0, 0.0, 0.0, 0.0, 0.0, 0.0, 0.0
0,0,1,0,0,0,0,0,1,5,1,1,0,0,0,0,0,0.022935779816513763, 0.0, 0.0, 0.0045871559633027525, 0.009174311926605505, 0.0, 0.0, 0.0, 0.0
0,0,0,0,0,0,0,0,1,4,1,1,0,0,0,0,0,0.0, 0.0, 0.0, 0.0, 0.0, 0.009708737864077669, 0.0, 0.0, 0.0
0,0,0,0,0,0,0,0,0,1,1,1,0,0,0,0,0,0.011065006915629323, 0.0, 0.0, 0.0, 0.0024204702627939143, 0.0027662517289073307, 0.0006915629322268327, 0.0, 0.0017289073305670815
0,0,1,0,0,0,0,0,0,0,0,0,0,0,0,0,0,0.0, 0.0, 0.0, 0.0, 0.0, 0.0, 0.0, 0.0, 0.0
0,0,1,0,0,0,0,0,0,0,0,0,0,0,0,0,0,0.00411522633744856, 0.0, 0.0, 0.00823045267489712, 0.00411522633744856, 0.00411522633744856, 0.00411522633744856, 0.0, 0.0
1,0,1,0,0,0,0,0,0,2,1,1,0,0,0,0,0,0.0, 0.0, 0.0, 0.0, 0.0, 0.0, 0.0, 0.0, 0.0
0,0,1,0,0,0,0,0,0,0,0,0,0,0,0,0,0,0.0, 0.0, 0.0, 0.0, 0.0, 0.0, 0.0, 0.0, 0.0
0,0,1,0,0,0,0,0,1,7,1,1,0,0,0,0,0,0.02097902097902098, 0.0, 0.0, 0.0, 0.006993006993006993, 0.0, 0.006993006993006993, 0.0, 0.0
0,0,1,0,0,0,0,0,0,2,1,1,0,0,0,0,0,0.011111111111111112, 0.0, 0.0, 0.0, 0.0, 0.0, 0.0, 0.0, 0.0
0,0,0,0,0,0,0,0,0,2,1,1,0,0,0,0,0,0.00796812749003984, 0.0, 0.0, 0.00398406374501992, 0.0, 0.0, 0.0, 0.0, 0.0
0,0,1,0,0,0,0,0,0,3,1,1,0,0,0,0,0,0.014925373134328358, 0.0, 0.0, 0.0, 0.0, 0.0, 0.0, 0.0, 0.004975124378109453
0,0,0,0,0,0,0,0,0,1,1,1,0,0,0,0,0,0.018867924528301886, 0.0, 0.0, 0.0, 0.0, 0.0, 0.0, 0.0, 0.006289308176100629
0,0,1,1,0,1,0,0,2,56,24,6,1,0,0,0,0,0.0, 0.0, 0.0, 0.0, 0.0045871559633027525, 0.0, 0.0, 0.0, 0.0
0,0,1,0,0,0,0,0,0,0,0,0,0,0,0,0,0,0.0, 0.0, 0.0, 0.0, 0.0, 0.0, 0.0, 0.0, 0.0
0,0,0,0,0,0,0,0,0,6,3,3,0,0,0,0,0,0.013824884792626729, 0.0, 0.0, 0.004608294930875576, 0.0, 0.0, 0.0, 0.0, 0.0
0,0,1,0,0,0,0,0,0,26,10,9,0,0,0,0,0,0.0, 0.0, 0.0, 0.0, 0.0, 0.0, 0.0, 0.0, 0.0
0,0,0,0,0,0,0,0,0,2,1,1,0,0,0,0,0,0.010135135135135136, 0.0, 0.0, 0.0033783783783783786, 0.0033783783783783786, 0.0033783783783783786, 0.0033783783783783786, 0.0, 0.0
0,0,1,0,0,0,0,0,0,6,3,3,0,0,0,0,0,0.0, 0.0, 0.0, 0.0, 0.0, 0.0, 0.0, 0.0, 0.0
0,0,1,0,0,0,0,0,0,3,2,2,0,0,0,0,0,0.007575757575757576, 0.0, 0.0, 0.007575757575757576, 0.0, 0.0, 0.0, 0.0, 0.0
0,0,1,0,0,0,0,0,1,14,3,3,0,0,0,0,0,0.006024096385542169, 0.0, 0.0, 0.0, 0.0, 0.0, 0.0, 0.0, 0.0
0,0,1,0,0,0,0,0,0,0,0,0,0,0,0,0,0,0.0, 0.0, 0.0, 0.0, 0.0, 0.0, 0.0, 0.0, 0.0
0,1,1,0,0,0,0,0,0,0,0,0,0,0,0,0,0,0.0, 0.0, 0.0, 0.0, 0.0, 0.0, 0.0, 0.0, 0.0
0,0,1,0,0,0,0,0,1,7,2,2,0,0,0,0,0,0.0, 0.0, 0.0, 0.0, 0.0, 0.0, 0.0, 0.0, 0.0
0,0,1,0,0,0,0,0,0,0,0,0,0,0,0,0,0,0.010869565217391304, 0.0, 0.0, 0.0, 0.0, 0.010869565217391304, 0.0, 0.0, 0.0
0,0,1,0,0,0,0,1,0,6,2,2,0,0,0,0,0,0.02109704641350211, 0.0, 0.0, 0.02109704641350211, 0.0, 0.0, 0.0, 0.0, 0.0
0,0,0,0,0,0,0,0,1,8,2,2,0,0,0,0,0,0.013468013468013467, 0.0, 0.0, 0.0, 0.003367003367003367, 0.003367003367003367, 0.006734006734006734, 0.0, 0.0
0,0,1,0,0,0,0,0,1,8,2,2,0,0,0,0,0,0.02, 0.0, 0.0, 0.0, 0.0, 0.0, 0.0, 0.0, 0.0
0,0,1,0,0,0,0,0,0,3,1,1,0,0,0,0,0,0.0, 0.0, 0.0, 0.0, 0.0, 0.0, 0.0, 0.0, 0.0
0,0,1,0,0,0,0,0,0,0,0,0,0,0,0,0,0,0.0, 0.0, 0.0, 0.0, 0.0, 0.0, 0.0, 0.0, 0.0
0,0,0,0,0,0,0,0,0,0,0,0,0,0,0,0,0,0.0, 0.0, 0.0, 0.0, 0.0, 0.0, 0.0, 0.0, 0.0
0,0,1,0,0,0,0,1,0,4,1,1,0,0,0,0,0,0.007575757575757576, 0.0, 0.0, 0.0, 0.0, 0.0, 0.0, 0.0, 0.0
0,0,1,0,0,0,0,0,1,2,1,1,0,0,0,0,0,0.0034602076124567475, 0.0, 0.0, 0.0, 0.0, 0.0, 0.0, 0.0, 0.0
0,0,1,0,0,0,0,0,0,8,4,3,0,0,0,0,0,0.020933977455716585, 0.0, 0.0, 0.0, 0.004830917874396135, 0.0, 0.001610305958132045, 0.0, 0.00322061191626409
0,0,1,0,0,0,0,0,0,2,1,1,0,0,0,0,0,0.0, 0.0, 0.0, 0.0, 0.0, 0.0, 0.015873015873015872, 0.0, 0.0
0,0,1,0,0,0,0,0,0,5,2,1,0,0,0,0,0,0.013996889580093312, 0.0, 0.0, 0.003110419906687403, 0.0015552099533437014, 0.0, 0.0, 0.0, 0.0
0,1,1,0,0,0,0,0,0,2,1,1,0,0,0,0,0,0.004975124378109453, 0.0, 0.0, 0.0, 0.0, 0.0, 0.0, 0.0, 0.0
0,0,1,0,0,0,0,0,0,2,1,1,0,0,0,0,0,0.0, 0.0, 0.0, 0.0, 0.0, 0.0, 0.0, 0.0, 0.0
0,0,1,0,0,1,0,19,2,253,94,11,1,0,0,0,0,0.0002623983206507478, 0.0, 0.0, 0.0005247966413014956, 0.0, 0.0, 0.0, 0.0002623983206507478, 0.0
0,0,1,0,0,0,0,0,0,10,4,2,0,0,0,0,0,0.0, 0.0, 0.0, 0.0, 0.004694835680751174, 0.0, 0.004694835680751174, 0.004694835680751174, 0.0
0,0,1,0,0,0,0,0,1,5,1,1,0,0,0,0,0,0.0, 0.0, 0.0, 0.0, 0.0, 0.0, 0.0, 0.0, 0.0
0,1,1,0,0,0,0,0,0,11,4,4,0,0,0,0,0,0.0, 0.0, 0.0, 0.0, 0.010526315789473684, 0.0, 0.0, 0.0, 0.0
0,0,1,1,0,1,0,0,1,194,82,8,1,1,0,0,0,0.0, 0.0, 0.0, 0.0, 0.0, 0.0012804097311139564, 0.0, 0.0, 0.0
0,0,1,0,0,0,0,0,0,3,1,1,0,0,0,0,0,0.007518796992481203, 0.0, 0.0, 0.007518796992481203, 0.0, 0.0, 0.0, 0.0, 0.0
0,0,1,0,0,0,0,0,0,2,1,1,0,0,0,0,0,0.0, 0.0, 0.0, 0.0, 0.0, 0.0, 0.0, 0.0, 0.0
0,0,0,0,0,0,0,0,1,11,2,2,0,0,0,0,0,0.0038910505836575876, 0.0, 0.0, 0.0, 0.0038910505836575876, 0.0, 0.0, 0.0, 0.0038910505836575876
0,0,1,0,0,0,0,0,0,8,4,4,0,0,0,0,0,0.0, 0.0, 0.0, 0.0, 0.0, 0.0, 0.0, 0.0, 0.0
0,0,0,0,0,0,0,0,1,6,1,1,0,0,0,0,0,0.02702702702702703, 0.0, 0.0, 0.0, 0.006756756756756757, 0.0, 0.0, 0.0, 0.0
0,0,1,0,0,0,0,0,0,8,3,3,0,0,0,0,0,0.0, 0.0, 0.0, 0.0, 0.00641025641025641, 0.0, 0.0, 0.0, 0.0
0,0,0,0,0,0,0,0,1,6,1,1,0,0,0,0,0,0.0, 0.0, 0.0, 0.0, 0.0, 0.0, 0.0, 0.0, 0.0
0,0,1,0,0,0,0,0,1,5,2,2,0,0,0,0,0,0.0, 0.0, 0.0, 0.0, 0.0, 0.0, 0.0, 0.0, 0.0
0,0,1,0,0,0,0,0,1,9,1,1,0,0,0,0,0,0.0, 0.0, 0.0, 0.0, 0.0, 0.0, 0.0, 0.0, 0.0
0,0,1,0,0,0,0,0,0,4,2,2,0,0,0,0,0,0.008547008547008548, 0.0, 0.0, 0.0, 0.0, 0.0, 0.0, 0.0, 0.0
0,0,0,0,0,0,0,0,0,0,0,0,0,0,0,0,0,0.008264462809917356, 0.0, 0.0, 0.008264462809917356, 0.01652892561983471, 0.0, 0.0, 0.0, 0.0
0,0,1,0,0,0,0,0,0,2,1,1,0,0,0,0,0,0.0, 0.0, 0.0, 0.0, 0.0, 0.0, 0.0, 0.0, 0.0
0,0,1,0,0,0,0,0,0,0,0,0,0,0,0,0,0,0.0, 0.0, 0.0, 0.0, 0.0, 0.0, 0.0, 0.0, 0.0
0,0,0,0,0,0,0,1,0,12,4,4,0,0,0,0,0,0.00641025641025641, 0.0, 0.0, 0.0, 0.01282051282051282, 0.0, 0.0, 0.0, 0.0
0,0,1,0,0,0,0,0,0,2,1,1,0,0,0,0,0,0.013333333333333334, 0.0, 0.0, 0.0, 0.013333333333333334, 0.0, 0.0, 0.0, 0.0
0,1,1,0,0,0,0,0,0,5,2,2,0,0,0,0,0,0.0, 0.0, 0.0, 0.0, 0.0, 0.0, 0.0, 0.0, 0.0
0,0,0,0,0,0,0,0,0,2,1,1,0,0,0,0,0,0.0, 0.0, 0.0, 0.0, 0.006369426751592357, 0.006369426751592357, 0.0, 0.0, 0.006369426751592357
0,0,0,0,0,0,0,0,1,9,1,1,0,0,0,0,0,0.0, 0.0, 0.0, 0.0, 0.0, 0.0, 0.0, 0.0, 0.0
0,1,0,0,0,0,0,0,0,5,2,2,0,0,0,0,0,0.003389830508474576, 0.0, 0.0, 0.0, 0.0, 0.0, 0.0, 0.0, 0.0
0,0,1,0,0,0,0,0,0,7,3,2,0,0,0,0,0,0.009523809523809525, 0.0, 0.0, 0.0, 0.004761904761904762, 0.009523809523809525, 0.0, 0.0, 0.0
0,0,1,0,0,0,0,0,1,4,1,1,0,0,0,0,0,0.029850746268656716, 0.0, 0.0, 0.0, 0.0, 0.0, 0.0, 0.0, 0.0
0,0,1,0,0,0,0,0,1,9,3,3,0,0,0,0,0,0.0, 0.0, 0.0, 0.0, 0.0, 0.0, 0.0, 0.0, 0.0
0,0,1,0,0,0,0,0,0,0,0,0,0,0,0,0,0,0.0, 0.0, 0.0, 0.0, 0.0, 0.0, 0.014925373134328358, 0.0, 0.0
0,0,0,0,0,0,0,0,1,4,1,1,0,0,0,0,0,0.00966183574879227, 0.0, 0.0, 0.004830917874396135, 0.00966183574879227, 0.0, 0.0, 0.0, 0.0
0,0,1,0,0,0,0,0,0,2,1,1,0,0,0,0,0,0.0, 0.0, 0.0, 0.0, 0.0, 0.0, 0.0, 0.0, 0.0
0,0,1,0,0,0,0,0,1,9,1,1,0,0,0,0,0,0.004166666666666667, 0.0, 0.0, 0.0, 0.0, 0.004166666666666667, 0.0, 0.0, 0.0
0,0,1,0,0,0,0,0,0,2,1,1,0,0,0,0,0,0.006802721088435374, 0.0, 0.0, 0.0, 0.003401360544217687, 0.006802721088435374, 0.0, 0.0, 0.0
1,0,0,0,0,0,0,0,1,4,1,1,0,0,0,0,0,0.005649717514124294, 0.0, 0.0, 0.0, 0.0, 0.0, 0.0, 0.0, 0.0
0,0,1,0,0,0,0,0,0,0,0,0,0,0,0,0,0,0.010460251046025104, 0.0, 0.0, 0.0, 0.0, 0.0041841004184100415, 0.0, 0.0, 0.0
0,0,1,0,0,0,0,0,0,2,1,1,0,0,0,0,0,0.0, 0.0, 0.0, 0.0, 0.0, 0.0, 0.015873015873015872, 0.0, 0.0
0,0,1,0,0,0,0,1,0,37,19,6,0,0,0,0,0,0.005415162454873646, 0.0, 0.0, 0.0, 0.0036101083032490976, 0.0, 0.0009025270758122744, 0.0009025270758122744, 0.0018050541516245488
0,0,1,0,0,0,0,0,0,6,3,3,0,0,0,0,0,0.005025125628140704, 0.0, 0.0, 0.0, 0.005025125628140704, 0.0, 0.0, 0.0, 0.0
0,0,1,0,0,0,0,0,0,4,2,1,0,0,0,0,0,0.0, 0.0, 0.0, 0.0, 0.0, 0.00909090909090909, 0.0, 0.0, 0.0
0,0,1,0,0,0,0,0,1,8,1,1,0,0,0,0,0,0.0, 0.0, 0.0, 0.0, 0.0, 0.0, 0.0, 0.0, 0.0
0,0,1,0,0,0,0,1,0,4,1,1,0,0,0,0,0,0.01652892561983471, 0.0, 0.0, 0.0, 0.008264462809917356, 0.0, 0.0, 0.0, 0.0
0,0,0,0,0,0,0,0,1,7,2,2,0,0,0,0,0,0.0, 0.0, 0.0, 0.0, 0.0, 0.0, 0.0, 0.0, 0.0
0,0,0,0,0,0,0,0,0,0,0,0,0,0,0,0,0,0.0, 0.0, 0.0, 0.0, 0.03125, 0.0, 0.0, 0.0, 0.0
0,1,0,0,0,0,0,0,0,2,1,1,0,0,0,0,0,0.0025974025974025974, 0.0, 0.0, 0.0, 0.005194805194805195, 0.0025974025974025974, 0.0, 0.0, 0.0025974025974025974
0,0,1,0,0,0,0,0,0,4,2,2,0,0,0,0,0,0.005494505494505495, 0.0, 0.0, 0.0, 0.0, 0.0, 0.0, 0.0, 0.0
0,0,1,1,0,1,0,0,2,113,42,10,1,0,0,0,0,0.0, 0.0, 0.0, 0.0, 0.0, 0.0, 0.0, 0.0, 0.0
0,0,1,0,0,0,0,0,0,20,6,5,0,0,0,0,0,0.005780346820809248, 0.0, 0.0, 0.0, 0.0, 0.0, 0.0, 0.0, 0.0
0,0,1,0,0,0,0,0,0,4,2,2,0,0,0,0,0,0.0, 0.0, 0.0, 0.0, 0.0, 0.0, 0.0, 0.0, 0.004739336492890996
0,0,0,0,0,0,0,0,0,2,1,1,0,0,0,0,0,0.0, 0.0, 0.0, 0.0, 0.0, 0.0, 0.0, 0.0, 0.0
0,0,1,0,0,0,0,0,1,5,2,2,0,0,0,0,0,0.017391304347826087, 0.0, 0.0, 0.0, 0.0, 0.0, 0.0, 0.0, 0.0
0,0,0,0,0,0,0,0,0,0,0,0,0,0,0,0,0,0.0, 0.0, 0.0, 0.0, 0.011904761904761904, 0.0, 0.0, 0.0, 0.0
0,0,1,0,0,0,0,0,1,8,1,1,0,0,0,0,0,0.0, 0.0, 0.0, 0.0055248618784530384, 0.0055248618784530384, 0.0, 0.0, 0.0, 0.0055248618784530384
0,0,0,0,0,0,0,0,0,0,0,0,0,0,0,0,0,0.0, 0.0, 0.0, 0.0, 0.0, 0.0, 0.0, 0.0, 0.0
0,0,1,0,0,0,0,0,0,0,0,0,0,0,0,0,0,0.0, 0.0, 0.0, 0.0, 0.0, 0.0, 0.0, 0.0, 0.0
0,0,0,0,0,0,0,0,1,5,1,1,0,0,0,0,0,0.0, 0.0, 0.0, 0.0, 0.0, 0.0, 0.0, 0.0, 0.0
0,0,1,0,0,0,0,0,1,5,1,1,0,0,0,0,0,0.019337016574585635, 0.0, 0.0, 0.0027624309392265192, 0.0027624309392265192, 0.0, 0.0, 0.0, 0.0
0,0,0,0,0,0,0,0,0,0,0,0,0,0,0,0,0,0.021739130434782608, 0.0, 0.0, 0.0, 0.0, 0.0, 0.021739130434782608, 0.0, 0.0
0,0,1,0,0,0,0,0,0,5,3,3,0,0,0,0,0,0.0, 0.0, 0.0, 0.0, 0.0, 0.0, 0.0, 0.0, 0.0
0,0,1,0,0,0,0,0,1,9,3,3,0,0,0,0,0,0.02412280701754386, 0.0, 0.0021929824561403508, 0.0043859649122807015, 0.0021929824561403508, 0.0, 0.0, 0.0, 0.0
0,1,1,0,0,0,0,0,0,4,2,2,0,0,0,0,0,0.0017857142857142857, 0.0, 0.0, 0.0017857142857142857, 0.0, 0.0017857142857142857, 0.0, 0.0, 0.0
0,0,0,0,0,0,0,0,1,14,4,4,0,0,0,0,0,0.00980392156862745, 0.0, 0.0, 0.0, 0.0, 0.0, 0.00980392156862745, 0.0, 0.0
0,0,1,0,0,0,0,0,0,11,4,4,0,0,0,0,0,0.011976047904191617, 0.0, 0.0, 0.0, 0.0, 0.005988023952095809, 0.0, 0.0, 0.0
0,0,1,0,0,0,0,0,1,15,3,3,0,0,0,0,0,0.009433962264150943, 0.0, 0.0, 0.0, 0.0, 0.0, 0.0, 0.0, 0.0
0,1,1,0,0,0,0,0,0,4,2,1,0,0,0,0,0,0.006711409395973154, 0.0, 0.0, 0.003355704697986577, 0.006711409395973154, 0.0, 0.003355704697986577, 0.0, 0.0
0,0,1,0,0,0,0,0,0,3,1,1,0,0,0,0,0,0.004561003420752566, 0.0, 0.0, 0.0011402508551881414, 0.0, 0.0034207525655644243, 0.0011402508551881414, 0.0, 0.0
0,0,0,0,0,0,0,0,1,4,1,1,0,0,0,0,0,0.009009009009009009, 0.0, 0.0, 0.0, 0.018018018018018018, 0.0, 0.0, 0.0, 0.0
0,0,1,0,0,0,0,0,1,4,1,1,0,0,0,0,0,0.0299625468164794, 0.0, 0.0, 0.0, 0.02247191011235955, 0.0, 0.0, 0.0, 0.0
0,0,0,0,0,0,0,0,1,4,1,1,0,0,0,0,0,0.014705882352941176, 0.0, 0.0, 0.0, 0.0, 0.0, 0.0, 0.0, 0.0
0,0,1,0,0,0,0,0,0,0,0,0,0,0,0,0,0,0.0, 0.0, 0.0, 0.0, 0.0, 0.0, 0.0, 0.0, 0.0
0,0,1,0,0,0,0,0,0,2,1,1,0,0,0,0,0,0.014864864864864866, 0.0, 0.0, 0.0006756756756756757, 0.00472972972972973, 0.0006756756756756757, 0.0006756756756756757, 0.0, 0.002027027027027027
0,0,0,0,0,0,0,0,0,2,1,1,0,0,0,0,0,0.0, 0.0, 0.0, 0.0, 0.01639344262295082, 0.0, 0.0, 0.0, 0.0
1,0,0,0,0,0,0,0,1,11,2,2,0,0,0,0,0,0.0, 0.0, 0.0, 0.005025125628140704, 0.0, 0.0, 0.0, 0.0, 0.0
0,0,0,0,0,0,0,0,0,84,21,2,0,0,0,0,0,0.00530035335689046, 0.0, 0.0, 0.0, 0.0, 0.0, 0.0, 0.0, 0.0
0,0,0,0,0,0,0,0,0,8,2,2,0,0,0,0,0,0.008450704225352112, 0.0, 0.0, 0.0, 0.0028169014084507044, 0.0, 0.0, 0.0, 0.008450704225352112
0,1,0,0,0,0,0,0,0,14,6,4,0,0,0,0,0,0.0038910505836575876, 0.0, 0.0, 0.0, 0.0019455252918287938, 0.0038910505836575876, 0.0, 0.0019455252918287938, 0.0
0,0,0,0,0,0,0,0,0,3,2,2,0,0,0,0,0,0.0, 0.0, 0.0, 0.015384615384615385, 0.005128205128205128, 0.0, 0.0, 0.0, 0.0
0,0,0,0,0,0,0,0,0,18,6,3,0,0,0,0,0,0.008849557522123894, 0.0, 0.0, 0.0, 0.0025284450063211127, 0.0037926675094816687, 0.0012642225031605564, 0.0, 0.0012642225031605564
0,0,1,0,0,0,0,0,2,9,2,1,0,0,0,0,0,0.012987012987012988, 0.0, 0.0, 0.0, 0.0, 0.003246753246753247, 0.0, 0.0, 0.0
0,1,1,0,0,0,0,0,0,5,2,2,0,0,0,0,0,0.009671179883945842, 0.0, 0.0, 0.0, 0.0, 0.0009671179883945841, 0.0, 0.0, 0.0019342359767891683
0,0,0,0,0,0,0,0,1,8,2,2,0,0,0,0,0,0.011494252873563218, 0.0, 0.0, 0.0, 0.0, 0.0, 0.0, 0.0, 0.0
0,0,1,0,0,0,0,0,0,3,1,1,0,0,0,0,0,0.0, 0.0, 0.0, 0.0, 0.0, 0.0, 0.0, 0.0, 0.0
0,0,1,0,0,0,0,0,0,5,2,1,0,0,0,0,0,0.0, 0.0, 0.0, 0.0, 0.0, 0.0, 0.0, 0.0, 0.0
0,1,1,0,0,0,0,0,0,8,3,2,0,0,0,0,0,0.006993006993006993, 0.0, 0.0, 0.0, 0.0, 0.0, 0.0, 0.0, 0.0
0,0,1,0,0,0,0,0,1,8,1,1,0,0,0,0,0,0.007575757575757576, 0.0, 0.0, 0.003787878787878788, 0.003787878787878788, 0.0, 0.0, 0.0, 0.0
0,0,0,0,0,0,0,0,1,5,1,1,0,0,0,0,0,0.0023094688221709007, 0.0, 0.0, 0.0, 0.0023094688221709007, 0.0, 0.0023094688221709007, 0.0, 0.0
0,1,0,0,0,0,0,0,0,2,1,1,0,0,0,0,0,0.010416666666666666, 0.0, 0.0, 0.0, 0.0, 0.0, 0.0, 0.0, 0.0
0,1,0,0,0,0,0,0,0,2,1,1,0,0,0,0,0,0.012345679012345678, 0.0, 0.0, 0.0, 0.0, 0.0, 0.0, 0.0, 0.0
0,1,1,0,0,0,0,0,0,2,1,1,0,0,0,0,0,0.00819672131147541, 0.0, 0.0, 0.0, 0.0, 0.0, 0.0, 0.0, 0.0
0,1,0,0,0,0,0,0,0,112,41,33,0,0,0,0,0,0.011715089034676664, 0.00046860356138706655, 0.0, 0.00046860356138706655, 0.00046860356138706655, 0.0028116213683223993, 0.00046860356138706655, 0.0, 0.00046860356138706655
0,1,1,0,0,0,0,0,0,8,3,3,0,0,0,0,0,0.0, 0.0, 0.0, 0.0, 0.0, 0.0, 0.0, 0.0, 0.0
0,0,1,0,0,0,0,0,1,4,1,1,0,0,0,0,0,0.00980392156862745, 0.0, 0.0, 0.0, 0.0, 0.0, 0.0, 0.0, 0.0
0,0,0,0,0,0,0,0,0,0,0,0,0,0,0,0,0,0.0, 0.0, 0.0, 0.0, 0.0, 0.0, 0.0, 0.0, 0.0
0,0,0,0,0,0,0,0,1,6,1,1,0,0,0,0,0,0.0, 0.0, 0.0, 0.0, 0.0, 0.0, 0.0, 0.0, 0.0
0,0,1,1,0,0,0,0,0,0,0,0,0,0,0,0,0,0.002932551319648094, 0.0, 0.0, 0.0, 0.0, 0.0, 0.0, 0.0, 0.0
0,0,1,0,0,0,0,0,0,0,0,0,0,0,0,0,0,0.0, 0.0, 0.0, 0.0, 0.0, 0.0, 0.0, 0.0, 0.0
0,0,0,0,0,0,0,0,1,8,2,2,0,0,0,0,0,0.0, 0.0, 0.0, 0.0, 0.0, 0.0, 0.0, 0.0, 0.0
0,0,1,0,0,0,0,0,1,8,1,1,0,0,0,0,0,0.005291005291005291, 0.0, 0.0, 0.005291005291005291, 0.005291005291005291, 0.005291005291005291, 0.0, 0.0, 0.0
0,0,1,0,0,0,0,0,0,2,1,1,0,0,0,0,0,0.008, 0.0, 0.0, 0.0, 0.0, 0.0, 0.0, 0.0, 0.016
0,0,0,0,0,0,0,0,0,4,2,2,0,0,0,0,0,0.0, 0.0, 0.0, 0.0, 0.0, 0.0, 0.0, 0.0, 0.0
0,0,0,0,0,0,0,1,0,5,2,2,0,0,0,0,0,0.009584664536741214, 0.0, 0.0, 0.01597444089456869, 0.0, 0.006389776357827476, 0.0, 0.0, 0.0
0,0,1,0,0,0,0,0,0,2,1,1,0,0,0,0,0,0.0, 0.0, 0.0, 0.0, 0.0, 0.0, 0.0, 0.0, 0.0
0,0,0,0,0,0,0,0,0,0,0,0,0,0,0,0,0,0.0, 0.0, 0.0, 0.0, 0.0, 0.0, 0.0, 0.0, 0.0
0,0,0,0,0,0,0,0,1,5,1,1,0,0,0,0,0,0.014388489208633094, 0.0, 0.0, 0.0, 0.007194244604316547, 0.0, 0.0, 0.0, 0.0
0,0,1,0,0,0,0,0,0,3,2,2,0,0,0,0,0,0.012727272727272728, 0.0, 0.0018181818181818182, 0.0018181818181818182, 0.0036363636363636364, 0.0018181818181818182, 0.0, 0.0, 0.0018181818181818182
0,1,1,0,0,0,0,0,0,0,0,0,0,0,0,0,0,0.0, 0.0, 0.0, 0.0, 0.0, 0.0, 0.0, 0.0, 0.0
0,0,0,0,0,0,0,0,1,4,1,1,0,0,0,0,0,0.0049261083743842365, 0.0, 0.0, 0.0, 0.009852216748768473, 0.0, 0.0, 0.0049261083743842365, 0.0
0,0,0,0,0,0,0,0,1,15,2,2,0,0,0,0,0,0.013605442176870748, 0.0, 0.0, 0.006802721088435374, 0.0, 0.0, 0.006802721088435374, 0.0, 0.0
0,0,1,0,0,0,0,0,1,4,1,1,0,0,0,0,0,0.0136986301369863, 0.0, 0.0, 0.0, 0.00684931506849315, 0.00684931506849315, 0.0, 0.0, 0.0
0,0,0,0,0,0,0,0,0,0,0,0,0,0,0,0,0,0.007017543859649123, 0.0, 0.0, 0.0, 0.0, 0.0, 0.0, 0.0, 0.0
0,0,1,0,0,0,0,0,0,4,2,2,0,0,0,0,0,0.00819672131147541, 0.0, 0.0, 0.00819672131147541, 0.0, 0.0, 0.0, 0.0, 0.0
0,0,1,0,0,0,0,0,0,5,2,2,0,0,0,0,0,0.0, 0.0, 0.0, 0.007042253521126761, 0.014084507042253521, 0.0, 0.0, 0.0, 0.0
0,0,1,0,0,0,0,0,0,7,4,4,0,0,0,0,0,0.0, 0.0, 0.0, 0.0, 0.0, 0.0, 0.0, 0.0, 0.0
0,0,0,0,0,0,0,0,1,4,1,1,0,0,0,0,0,0.019417475728155338, 0.0, 0.0, 0.009708737864077669, 0.0, 0.0, 0.0, 0.0, 0.0
0,0,1,0,0,0,0,0,0,3,2,2,0,0,0,0,0,0.0, 0.0, 0.0, 0.007462686567164179, 0.0, 0.0, 0.0, 0.0, 0.0
0,0,0,0,0,0,0,0,1,9,1,1,0,0,0,0,0,0.010101010101010102, 0.0, 0.0, 0.0, 0.0, 0.0, 0.0, 0.0, 0.0
0,0,1,0,0,0,0,1,0,4,1,1,0,0,0,0,0,0.0030581039755351682, 0.0, 0.0, 0.0, 0.0, 0.0, 0.0030581039755351682, 0.0, 0.0
0,0,1,0,0,0,0,0,0,3,1,1,0,0,0,0,0,0.0, 0.0, 0.0, 0.0, 0.0, 0.0, 0.0, 0.0, 0.0
0,0,0,0,0,0,0,1,0,12,3,3,0,0,0,0,0,0.007407407407407408, 0.0, 0.0, 0.003703703703703704, 0.011111111111111112, 0.0, 0.0, 0.0, 0.0
0,1,1,0,0,0,0,0,0,4,2,1,0,0,0,0,0,0.013043478260869565, 0.0, 0.0, 0.0, 0.004347826086956522, 0.0, 0.004347826086956522, 0.0, 0.0
0,0,0,0,0,0,0,0,0,2,1,1,0,0,0,0,0,0.006289308176100629, 0.0, 0.0, 0.0, 0.0, 0.0, 0.0, 0.0, 0.0
0,0,0,0,0,0,0,0,0,5,2,2,0,0,0,0,0,0.004807692307692308, 0.0, 0.0, 0.014423076923076924, 0.0, 0.0, 0.0, 0.0, 0.0
0,0,1,0,0,0,0,0,0,2,1,1,0,0,0,0,0,0.011494252873563218, 0.0, 0.0, 0.011494252873563218, 0.0, 0.0, 0.0, 0.0, 0.0
0,0,1,0,0,0,0,0,0,9,4,3,0,0,0,0,0,0.02185792349726776, 0.0, 0.0, 0.0, 0.0, 0.0, 0.0, 0.0, 0.0
0,1,0,0,0,0,0,0,0,3,2,2,0,0,0,0,0,0.0, 0.0, 0.0, 0.016260162601626018, 0.0, 0.0, 0.0, 0.0, 0.0
0,0,0,0,0,0,0,0,0,0,0,0,0,0,0,0,0,0.0, 0.0, 0.0, 0.0, 0.004694835680751174, 0.0, 0.0, 0.0, 0.0
0,0,1,1,0,1,0,0,2,179,78,6,1,1,0,0,0,0.0026954177897574125, 0.0, 0.0, 0.0, 0.0013477088948787063, 0.0013477088948787063, 0.0, 0.0, 0.0
0,0,1,0,0,0,0,0,0,4,2,2,0,0,0,0,0,0.0, 0.0, 0.0, 0.014285714285714285, 0.0, 0.0, 0.0, 0.0, 0.0
0,0,0,0,0,0,0,0,0,0,0,0,0,0,0,0,0,0.0, 0.0, 0.0, 0.0, 0.0, 0.0, 0.0, 0.0, 0.0
1,0,1,0,0,0,0,0,1,28,11,5,0,0,0,0,0,0.0, 0.0, 0.0, 0.0, 0.0, 0.0, 0.004464285714285714, 0.0, 0.0
0,0,1,1,0,1,0,0,1,207,82,11,1,1,0,0,0,0.006896551724137931, 0.0, 0.0, 0.0, 0.0011494252873563218, 0.0011494252873563218, 0.0, 0.0, 0.0
0,0,1,0,0,0,0,0,1,11,3,2,0,0,0,0,0,0.024208566108007448, 0.0, 0.0, 0.00186219739292365, 0.0074487895716946, 0.0, 0.0, 0.0, 0.0
0,0,1,0,0,0,0,1,0,4,1,1,0,0,0,0,0,0.0031746031746031746, 0.0, 0.0, 0.0, 0.006349206349206349, 0.0, 0.0, 0.0, 0.0
0,0,1,0,0,0,0,0,0,5,2,2,0,0,0,0,0,0.0, 0.0, 0.0, 0.0, 0.0, 0.0, 0.0, 0.0, 0.0
0,0,0,0,0,0,0,0,0,3,1,1,0,0,0,0,0,0.0, 0.0, 0.0, 0.0, 0.0, 0.0, 0.0, 0.0, 0.0
0,0,1,0,0,0,0,0,1,13,4,4,0,0,0,0,0,0.0, 0.0, 0.0, 0.0, 0.0058823529411764705, 0.0, 0.0, 0.0, 0.0
0,0,1,0,0,0,0,0,1,2,1,1,0,0,0,0,0,0.0, 0.0, 0.0, 0.0, 0.022222222222222223, 0.0, 0.022222222222222223, 0.0, 0.0
0,0,1,0,0,0,0,0,0,5,3,2,0,0,0,0,0,0.0, 0.0, 0.0, 0.0, 0.0, 0.0, 0.0, 0.0, 0.0
0,1,0,0,0,0,0,0,0,3,2,2,0,0,0,0,0,0.046153846153846156, 0.0, 0.0, 0.0, 0.0, 0.007692307692307693, 0.0, 0.0, 0.0
1,0,0,0,0,0,0,0,1,4,1,1,0,0,0,0,0,0.004454342984409799, 0.0, 0.0, 0.013363028953229399, 0.004454342984409799, 0.0, 0.0, 0.0, 0.0
0,0,0,0,0,0,0,1,0,4,1,1,0,0,0,0,0,0.0078125, 0.0, 0.0, 0.0, 0.0, 0.0, 0.0, 0.0, 0.0
0,0,1,0,0,0,0,0,0,0,0,0,0,0,0,0,0,0.0, 0.0, 0.0, 0.0, 0.0, 0.0, 0.0, 0.0, 0.0
0,0,0,0,0,0,0,0,1,6,2,2,0,0,0,0,0,0.013824884792626729, 0.0, 0.0, 0.004608294930875576, 0.004608294930875576, 0.0, 0.0, 0.0, 0.004608294930875576
0,0,0,0,0,0,0,0,1,6,1,1,0,0,0,0,0,0.00392156862745098, 0.0, 0.0, 0.0, 0.00784313725490196, 0.0, 0.0, 0.0, 0.00392156862745098
0,0,1,0,0,0,0,0,0,5,2,1,0,0,0,0,0,0.0, 0.0, 0.0, 0.0, 0.0, 0.0, 0.0, 0.0, 0.0
0,1,1,0,0,0,0,0,0,6,2,2,0,0,0,0,0,0.0, 0.0, 0.0, 0.0, 0.0036363636363636364, 0.0, 0.0, 0.0, 0.0
0,0,1,0,0,0,0,0,0,0,0,0,0,0,0,0,0,0.0, 0.0, 0.0, 0.0, 0.0, 0.0, 0.0, 0.0, 0.0
0,0,1,0,0,0,0,0,0,1,1,1,0,0,0,0,0,0.010638297872340425, 0.0, 0.0, 0.0, 0.0, 0.0, 0.0, 0.0, 0.010638297872340425
0,1,0,0,0,0,0,0,0,2,1,1,0,0,0,0,0,0.013953488372093023, 0.0, 0.0, 0.013953488372093023, 0.0, 0.0, 0.0, 0.0, 0.0
0,0,1,0,0,0,0,0,0,2,1,1,0,0,0,0,0,0.0, 0.0, 0.0, 0.0, 0.0, 0.0, 0.0, 0.0, 0.0
0,0,1,0,0,0,0,0,0,7,3,2,0,0,0,0,0,0.0, 0.0, 0.0, 0.0, 0.006329113924050633, 0.0, 0.0, 0.0, 0.0
0,0,1,0,0,0,0,0,0,0,0,0,0,0,0,0,0,0.0078125, 0.0, 0.0, 0.0, 0.0078125, 0.0, 0.0, 0.0, 0.0078125
0,0,1,0,0,0,0,0,0,0,0,0,0,0,0,0,0,0.0, 0.0, 0.0, 0.0, 0.0, 0.0, 0.0, 0.0, 0.0
0,0,0,0,0,0,0,0,1,7,2,2,0,0,0,0,0,0.019417475728155338, 0.0, 0.0, 0.019417475728155338, 0.009708737864077669, 0.009708737864077669, 0.0, 0.0, 0.0
0,0,1,0,0,0,0,1,0,4,1,1,0,0,0,0,0,0.029850746268656716, 0.0, 0.0, 0.0, 0.0, 0.0, 0.0, 0.0, 0.0
0,0,0,0,0,0,0,0,1,5,1,1,0,0,0,0,0,0.0, 0.0, 0.0, 0.0, 0.0, 0.0, 0.0, 0.0, 0.0
0,0,1,0,0,0,0,0,1,8,1,1,0,0,0,0,0,0.0, 0.0, 0.0, 0.0, 0.038461538461538464, 0.0, 0.0, 0.0, 0.0
0,0,1,0,0,0,0,0,1,10,4,4,0,0,0,0,0,0.007662835249042145, 0.0, 0.0, 0.0, 0.0, 0.0, 0.0, 0.0, 0.0
0,0,0,0,0,0,0,0,1,4,1,1,0,0,0,0,0,0.0205761316872428, 0.0, 0.0, 0.00411522633744856, 0.0, 0.0, 0.0, 0.0, 0.0
0,0,0,0,0,0,0,1,0,4,1,1,0,0,0,0,0,0.019138755980861243, 0.0, 0.0, 0.0, 0.0, 0.0, 0.004784688995215311, 0.0, 0.0
0,0,1,0,0,0,0,0,1,6,2,2,0,0,0,0,0,0.0, 0.0, 0.0, 0.0, 0.0, 0.0, 0.0, 0.0, 0.0
0,0,1,0,0,0,0,0,0,0,0,0,0,0,0,0,0,0.0, 0.0, 0.0, 0.0, 0.0, 0.0, 0.0, 0.0, 0.0
0,0,0,0,0,0,0,0,1,4,1,1,0,0,0,0,0,0.008403361344537815, 0.0, 0.0, 0.0, 0.0, 0.0, 0.008403361344537815, 0.0, 0.0
0,0,1,0,0,0,0,0,0,0,0,0,0,0,0,0,0,0.0, 0.0, 0.0, 0.0, 0.0, 0.0, 0.0, 0.0, 0.0
0,0,1,0,0,0,0,0,0,7,4,4,0,0,0,0,0,0.0, 0.0, 0.0, 0.0, 0.0, 0.0, 0.0, 0.0, 0.0
0,1,1,0,0,0,0,0,0,7,3,3,0,0,0,0,0,0.008488964346349746, 0.0, 0.0, 0.0, 0.001697792869269949, 0.001697792869269949, 0.0, 0.0, 0.0
0,0,1,0,0,0,0,0,1,4,1,1,0,0,0,0,0,0.018691588785046728, 0.0, 0.0, 0.0, 0.0, 0.0, 0.0, 0.0, 0.0
0,0,1,0,0,0,0,0,1,5,1,1,0,0,0,0,0,0.03977272727272727, 0.0, 0.0, 0.0, 0.005681818181818182, 0.0, 0.0, 0.0, 0.0
0,0,1,0,0,0,0,0,0,5,2,2,0,0,0,0,0,0.00749063670411985, 0.0, 0.0, 0.011235955056179775, 0.0, 0.0, 0.0, 0.0, 0.0
0,0,1,0,0,0,0,1,0,4,1,1,0,0,0,0,0,0.015748031496062992, 0.0, 0.0, 0.0, 0.0, 0.0, 0.0, 0.0, 0.0
0,0,1,0,0,0,0,0,0,2,1,1,0,0,0,0,0,0.02, 0.0, 0.0, 0.004, 0.004, 0.004, 0.004, 0.0, 0.008
0,0,1,0,0,0,0,0,1,5,1,1,0,0,0,0,0,0.01675977653631285, 0.0, 0.0, 0.0, 0.00558659217877095, 0.0111731843575419, 0.0, 0.0, 0.0
0,0,0,0,0,0,0,0,1,6,1,1,0,0,0,0,0,0.009708737864077669, 0.0, 0.0, 0.0, 0.0, 0.0, 0.0, 0.0, 0.0
0,0,1,0,0,0,0,0,1,4,1,1,0,0,0,0,0,0.007692307692307693, 0.0, 0.0, 0.015384615384615385, 0.0, 0.0, 0.0, 0.0, 0.0
0,0,0,0,0,0,0,0,1,5,2,2,0,0,0,0,0,0.011834319526627219, 0.0, 0.0, 0.0, 0.005917159763313609, 0.0, 0.0, 0.0, 0.0
0,0,1,0,0,0,0,1,0,4,1,1,0,0,0,0,0,0.010638297872340425, 0.0, 0.0, 0.0, 0.010638297872340425, 0.0, 0.0, 0.0, 0.0
0,1,0,0,0,0,0,0,0,2,1,1,0,0,0,0,0,0.0, 0.0, 0.0, 0.007874015748031496, 0.0, 0.0, 0.0, 0.0, 0.0
0,0,0,0,0,0,0,0,0,0,0,0,0,0,0,0,0,0.0, 0.0, 0.0, 0.0, 0.0, 0.0, 0.0, 0.0, 0.0
0,0,0,0,0,0,0,0,0,0,0,0,0,0,0,0,0,0.007079646017699115, 0.0, 0.0, 0.0017699115044247787, 0.0017699115044247787, 0.0, 0.0, 0.0, 0.0
0,1,0,0,0,0,0,0,0,3,2,2,0,0,0,0,0,0.0228310502283105, 0.0, 0.0, 0.0045662100456621, 0.0045662100456621, 0.0, 0.0045662100456621, 0.0, 0.0
0,0,1,0,0,0,0,0,0,3,2,2,0,0,0,0,0,0.0, 0.0, 0.0, 0.024691358024691357, 0.0, 0.0, 0.0, 0.0, 0.0
0,0,1,0,0,0,0,1,0,5,2,2,0,0,0,0,0,0.007462686567164179, 0.0, 0.0, 0.0, 0.0, 0.007462686567164179, 0.0, 0.0, 0.0
0,0,1,0,0,0,0,0,0,3,1,1,0,0,0,0,0,0.021505376344086023, 0.0, 0.0, 0.0, 0.0, 0.0, 0.0, 0.0, 0.0
0,0,0,0,0,0,0,0,0,3,1,1,0,0,0,0,0,0.003076923076923077, 0.0, 0.0, 0.0, 0.0, 0.0, 0.0, 0.0, 0.0
0,0,1,1,0,1,0,4,2,260,92,15,1,1,0,0,0,0.006142506142506142, 0.0, 0.0, 0.0012285012285012285, 0.0012285012285012285, 0.004914004914004914, 0.002457002457002457, 0.0, 0.0012285012285012285
0,0,1,0,0,0,0,0,0,2,1,1,0,0,0,0,0,0.0, 0.0, 0.0, 0.0, 0.0, 0.0, 0.0, 0.0, 0.0
0,0,1,0,0,0,0,0,0,3,2,2,0,0,0,0,0,0.0, 0.0, 0.0, 0.024691358024691357, 0.0, 0.0, 0.0, 0.0, 0.0
0,0,0,0,0,0,0,0,1,9,1,1,0,0,0,0,0,0.015037593984962405, 0.0, 0.0, 0.0, 0.002506265664160401, 0.005012531328320802, 0.002506265664160401, 0.0, 0.0
0,0,1,0,0,0,0,0,0,6,3,3,0,0,0,0,0,0.0, 0.0, 0.0, 0.0, 0.0, 0.0, 0.0, 0.0, 0.0
0,0,1,0,0,0,0,0,1,8,2,2,0,0,0,0,0,0.0, 0.0, 0.0, 0.0, 0.0, 0.0, 0.0, 0.0, 0.006097560975609756
0,1,0,0,0,0,0,0,0,5,2,2,0,0,0,0,0,0.03821656050955414, 0.0, 0.0, 0.0, 0.0, 0.0, 0.0, 0.0, 0.0
0,0,1,0,0,0,0,0,1,7,2,2,0,0,0,0,0,0.025974025974025976, 0.0, 0.0, 0.0, 0.0, 0.0, 0.0, 0.0, 0.0
0,0,1,0,0,0,0,0,0,13,5,3,0,0,0,0,0,0.009174311926605505, 0.0, 0.0, 0.0, 0.009174311926605505, 0.0, 0.0, 0.0045871559633027525, 0.0
0,0,1,0,0,0,0,0,0,6,3,3,0,0,0,0,0,0.011235955056179775, 0.0, 0.0, 0.0, 0.0, 0.0, 0.0, 0.0, 0.0
0,0,1,0,0,0,0,0,0,15,6,6,0,0,0,0,0,0.0036101083032490976, 0.0, 0.0, 0.0, 0.007220216606498195, 0.0, 0.0, 0.0, 0.0
0,0,1,0,0,0,0,0,1,12,5,5,0,0,0,0,0,0.01818181818181818, 0.0, 0.0, 0.00909090909090909, 0.00909090909090909, 0.0, 0.0, 0.0, 0.0
0,0,0,0,0,0,0,0,0,2,1,1,0,0,0,0,0,0.004424778761061947, 0.0, 0.0, 0.0, 0.0, 0.0, 0.0, 0.0, 0.0
0,0,0,0,0,0,0,0,1,4,1,1,0,0,0,0,0,0.0, 0.0, 0.0, 0.0, 0.0, 0.0, 0.0, 0.0, 0.0
0,0,0,0,0,0,0,0,1,4,1,1,0,0,0,0,0,0.004484304932735426, 0.0, 0.0, 0.0, 0.004484304932735426, 0.008968609865470852, 0.004484304932735426, 0.0, 0.0
0,1,1,0,0,0,0,0,0,2,1,1,0,0,0,0,0,0.006060606060606061, 0.0, 0.0, 0.012121212121212121, 0.0, 0.0, 0.0, 0.0, 0.0
0,0,0,0,0,0,0,0,1,5,2,2,0,0,0,0,0,0.016666666666666666, 0.0, 0.0, 0.0, 0.011111111111111112, 0.005555555555555556, 0.0, 0.0, 0.0
0,1,0,0,0,0,0,0,0,7,3,3,0,0,0,0,0,0.013793103448275862, 0.0, 0.0, 0.0, 0.006896551724137931, 0.0, 0.006896551724137931, 0.0, 0.0
0,0,0,0,0,0,0,0,1,4,1,1,0,0,0,0,0,0.00851063829787234, 0.0, 0.0, 0.0, 0.00851063829787234, 0.0, 0.00425531914893617, 0.0, 0.0
0,0,1,0,0,0,0,0,2,1092,170,4,0,0,0,0,0,0.00028401022436807724, 0.0, 0.0, 0.0, 0.0, 0.00028401022436807724, 0.0, 0.0, 0.0
0,0,1,0,0,0,0,0,0,21,9,2,0,0,0,0,0,0.0, 0.0, 0.0, 0.0, 0.0, 0.0, 0.0, 0.00510204081632653, 0.0
0,1,1,0,0,0,0,0,0,5,2,2,0,0,0,0,0,0.005952380952380952, 0.0, 0.0, 0.0, 0.0, 0.0, 0.0, 0.0, 0.0
0,0,1,0,0,0,0,0,0,0,0,0,0,0,0,0,0,0.0, 0.0, 0.0, 0.0, 0.0, 0.0, 0.0, 0.0, 0.0
0,0,0,0,0,0,0,0,1,4,1,1,0,0,0,0,0,0.0, 0.0, 0.0, 0.0, 0.007042253521126761, 0.0, 0.0, 0.0, 0.0
0,0,1,0,0,0,0,0,0,0,0,0,0,0,0,0,0,0.0, 0.0, 0.0, 0.0, 0.0, 0.0, 0.0, 0.0, 0.0
0,0,1,0,0,0,0,0,1,6,1,1,0,0,0,0,0,0.0, 0.0, 0.0, 0.0, 0.0, 0.0, 0.0, 0.0, 0.0
0,0,1,0,0,0,0,0,0,17,6,3,0,0,0,0,0,0.0, 0.0, 0.0, 0.0, 0.0064516129032258064, 0.0, 0.0, 0.0064516129032258064, 0.0
0,0,1,0,0,0,0,0,0,2,1,1,0,0,0,0,0,0.01694915254237288, 0.0, 0.0, 0.0, 0.0, 0.0, 0.01694915254237288, 0.0, 0.0
0,0,1,0,0,0,0,0,1,11,3,3,0,0,0,0,0,0.02459016393442623, 0.0, 0.0, 0.0, 0.0, 0.0, 0.0, 0.0, 0.0
0,0,0,0,0,0,0,1,0,6,2,2,0,0,0,0,0,0.010309278350515464, 0.0, 0.0, 0.0, 0.0, 0.0, 0.0, 0.0, 0.0
0,0,1,0,0,0,0,0,0,4,2,2,0,0,0,0,0,0.011320754716981131, 0.0, 0.0, 0.0, 0.0, 0.0, 0.0, 0.0, 0.0
0,0,1,0,0,0,0,2,1,114,39,29,0,0,0,0,0,0.005615348619560131, 0.0, 0.0, 0.0014038371548900327, 0.0014038371548900327, 0.0009358914365933552, 0.0009358914365933552, 0.0, 0.0004679457182966776
0,0,0,0,0,0,0,0,1,5,1,1,0,0,0,0,0,0.006993006993006993, 0.0, 0.0, 0.006993006993006993, 0.0, 0.006993006993006993, 0.0, 0.0, 0.0
0,0,1,0,0,0,0,0,0,6,3,3,0,0,0,0,0,0.009433962264150943, 0.0, 0.0, 0.0, 0.009433962264150943, 0.0, 0.0, 0.0, 0.0
0,0,1,0,0,0,0,0,0,2,1,1,0,0,0,0,0,0.0, 0.0, 0.034482758620689655, 0.0, 0.0, 0.0, 0.0, 0.0, 0.0
0,0,0,0,0,0,0,0,0,0,0,0,0,0,0,0,0,0.008561643835616438, 0.0, 0.0, 0.0, 0.008561643835616438, 0.0017123287671232876, 0.0, 0.0, 0.0
0,1,1,0,0,0,0,0,0,2,1,1,0,0,0,0,0,0.020134228187919462, 0.0, 0.0, 0.006711409395973154, 0.0, 0.0, 0.0, 0.0, 0.0
0,0,0,0,0,0,0,0,1,10,3,3,0,0,0,0,0,0.0136986301369863, 0.0, 0.0, 0.0, 0.0136986301369863, 0.0, 0.0, 0.0, 0.0
0,0,1,0,0,0,0,0,1,7,1,1,0,0,0,0,0,0.0, 0.0, 0.0, 0.0, 0.0, 0.0, 0.0, 0.0, 0.0
0,1,1,0,0,0,0,0,1,39,9,4,0,0,0,0,0,0.0, 0.0, 0.0, 0.006920415224913495, 0.0, 0.0034602076124567475, 0.0, 0.0, 0.0
0,0,1,0,0,0,0,0,1,6,1,1,0,0,0,0,0,0.0, 0.0, 0.0, 0.004149377593360996, 0.0, 0.0, 0.0, 0.0, 0.0
0,0,1,0,0,0,0,0,2,34,12,7,0,0,0,0,0,0.0028517110266159697, 0.0, 0.0, 0.0, 0.004752851711026616, 0.0009505703422053232, 0.0, 0.0009505703422053232, 0.0038022813688212928
0,0,1,0,0,0,0,0,0,2,1,1,0,0,0,0,0,0.0, 0.0, 0.0, 0.0, 0.0, 0.0, 0.0, 0.0, 0.0
0,0,0,0,0,0,0,0,1,9,1,1,0,0,0,0,0,0.014218009478672985, 0.0, 0.0, 0.0, 0.0, 0.004739336492890996, 0.004739336492890996, 0.0, 0.0
0,0,1,0,0,0,0,0,1,4,1,1,0,0,0,0,0,0.0, 0.0, 0.0, 0.0, 0.0, 0.0, 0.0, 0.0, 0.0
0,0,1,0,0,0,0,0,0,2,1,1,0,0,0,0,0,0.0, 0.0, 0.0, 0.0, 0.0, 0.0, 0.0, 0.0, 0.0
0,0,1,0,0,0,0,0,1,24,6,5,0,0,0,0,0,0.015228426395939087, 0.0, 0.0, 0.005076142131979695, 0.0025380710659898475, 0.0025380710659898475, 0.0, 0.0, 0.0
0,0,1,0,0,0,0,0,1,4,1,1,0,0,0,0,0,0.026755852842809364, 0.0, 0.0, 0.0, 0.0033444816053511705, 0.0033444816053511705, 0.0, 0.0, 0.0
0,0,1,0,0,0,1,0,1,6441,3117,2399,0,0,0,0,0,0.001327025155781214, 0.0, 5.7696745903531043e-05, 5.7696745903531043e-05, 0.00023078698361412417, 0.00011539349180706209, 0.0, 5.7696745903531043e-05, 0.00011539349180706209
0,0,0,0,0,0,0,0,1,4,1,1,0,0,0,0,0,0.004424778761061947, 0.0, 0.0, 0.0, 0.004424778761061947, 0.0, 0.0, 0.0, 0.0
0,0,0,0,0,0,0,0,1,4,1,1,0,0,0,0,0,0.008064516129032258, 0.0, 0.0, 0.0, 0.0, 0.0, 0.0, 0.0, 0.0
0,1,1,0,0,0,0,0,0,4,2,2,0,0,0,0,0,0.0, 0.0, 0.0, 0.0, 0.010309278350515464, 0.0, 0.0, 0.0, 0.0
0,0,0,0,0,0,0,0,0,6,2,2,0,0,0,0,0,0.006493506493506494, 0.0, 0.0, 0.006493506493506494, 0.0, 0.0, 0.0, 0.0, 0.006493506493506494
0,0,1,0,0,0,0,0,0,1,1,1,0,0,0,0,0,0.014285714285714285, 0.0, 0.0, 0.0, 0.007142857142857143, 0.0, 0.0, 0.0, 0.0
0,1,1,1,0,1,0,0,0,221,84,37,1,0,0,0,0,0.004964539007092199, 0.0, 0.0, 0.0007092198581560284, 0.002127659574468085, 0.0014184397163120568, 0.0007092198581560284, 0.0, 0.0
0,1,1,0,0,0,0,0,0,2,1,1,0,0,0,0,0,0.0, 0.0, 0.0, 0.0, 0.0, 0.0, 0.0, 0.0, 0.0
0,0,0,0,0,0,0,0,1,4,1,1,0,0,0,0,0,0.0, 0.0, 0.0, 0.0, 0.0, 0.0, 0.0, 0.0, 0.0
0,1,1,0,0,0,0,0,0,4,2,1,0,0,0,0,0,0.0, 0.0, 0.0, 0.004878048780487805, 0.0, 0.0, 0.0, 0.0, 0.004878048780487805
0,0,1,0,0,0,0,0,0,2,1,1,0,0,0,0,0,0.0, 0.0, 0.0, 0.0, 0.0, 0.0, 0.0, 0.0, 0.0
0,0,0,0,0,0,0,0,1,4,1,1,0,0,0,0,0,0.012711864406779662, 0.0, 0.0, 0.0, 0.00423728813559322, 0.0, 0.0, 0.0, 0.0
0,0,0,0,0,0,0,0,1,10,3,3,0,0,0,0,0,0.007246376811594203, 0.0, 0.0, 0.0, 0.0, 0.007246376811594203, 0.0, 0.0, 0.0
0,0,1,0,0,0,0,0,1,5,1,1,0,0,0,0,0,0.0, 0.0, 0.0, 0.005934718100890208, 0.0, 0.0, 0.0, 0.0, 0.0
0,0,1,1,0,1,0,0,1,196,83,8,1,1,0,0,0,0.0, 0.0, 0.0, 0.0, 0.0, 0.0, 0.0, 0.0012804097311139564, 0.0
0,0,1,0,0,0,0,0,0,8,4,4,0,0,0,0,0,0.0, 0.0, 0.0, 0.0, 0.0, 0.0, 0.0, 0.0, 0.0
0,0,1,0,0,0,0,0,0,0,0,0,0,0,0,0,0,0.0, 0.0, 0.0, 0.0, 0.0, 0.0, 0.0, 0.0, 0.0
0,0,1,0,0,0,0,0,1,6,2,2,0,0,0,0,0,0.009345794392523364, 0.0, 0.0, 0.0, 0.004005340453938585, 0.0013351134846461949, 0.0, 0.0, 0.0
0,0,1,0,0,0,0,0,0,2,1,1,0,0,0,0,0,0.0, 0.0, 0.0, 0.0, 0.0, 0.0, 0.0, 0.0, 0.0
0,1,0,0,0,0,0,0,0,2,1,1,0,0,0,0,0,0.011494252873563218, 0.0, 0.0, 0.0, 0.005747126436781609, 0.0, 0.0, 0.0, 0.0
0,0,1,0,0,0,0,0,1,7,1,1,0,0,0,0,0,0.005405405405405406, 0.0, 0.0, 0.005405405405405406, 0.005405405405405406, 0.0, 0.0, 0.0, 0.0
0,0,0,0,0,0,0,0,0,0,0,0,0,0,0,0,0,0.0, 0.0, 0.0, 0.0, 0.0, 0.0, 0.0, 0.0, 0.0
0,0,1,0,0,0,0,0,0,6,3,3,0,0,0,0,0,0.02912621359223301, 0.0, 0.0, 0.0, 0.0, 0.0, 0.0, 0.0, 0.0
0,0,1,0,0,0,0,0,0,0,0,0,0,0,0,0,0,0.0, 0.0, 0.0, 0.0, 0.0, 0.0, 0.0, 0.0, 0.0
0,0,0,0,0,0,0,0,0,2,1,1,0,0,0,0,0,0.0, 0.0, 0.0, 0.0, 0.0, 0.0, 0.0, 0.0, 0.0
0,0,0,0,0,0,0,0,0,9,2,2,0,0,0,0,0,0.0, 0.0, 0.0, 0.0, 0.0, 0.0, 0.0, 0.0, 0.0
0,0,1,0,0,0,0,0,1,11,2,2,0,0,0,0,0,0.00851063829787234, 0.0, 0.0, 0.0, 0.00425531914893617, 0.00425531914893617, 0.0, 0.0, 0.0
0,1,1,0,0,0,0,0,0,2,1,1,0,0,0,0,0,0.0, 0.0, 0.0, 0.0, 0.0, 0.0, 0.0, 0.0, 0.0
0,0,1,0,0,0,0,0,0,6,3,3,0,0,0,0,0,0.0026595744680851063, 0.0, 0.0, 0.0, 0.005319148936170213, 0.0, 0.0026595744680851063, 0.0, 0.0
0,0,0,0,0,0,0,1,0,4,1,1,0,0,0,0,0,0.01744186046511628, 0.0, 0.0, 0.0, 0.0, 0.0, 0.0, 0.0, 0.0
0,0,1,0,0,0,0,0,0,5,2,2,0,0,0,0,0,0.015544041450777202, 0.0012953367875647669, 0.0, 0.0, 0.0012953367875647669, 0.006476683937823834, 0.0, 0.0, 0.0012953367875647669
0,0,1,0,0,0,0,0,0,12,4,3,0,0,0,0,0,0.006985491671144546, 0.0, 0.0, 0.0, 0.0005373455131649651, 0.0032240730789897904, 0.0005373455131649651, 0.0, 0.0010746910263299302
